1.2154861e+02
1.2165741e+02
1.2172164e+02
1.2162731e+02
1.2155093e+02
1.2157658e+02
1.2165046e+02
1.2167535e+02
1.2161420e+02
1.2158507e+02
1.2160590e+02
1.2164371e+02
1.2169001e+02
1.2165567e+02
1.2164584e+02
1.2165702e+02
1.2171181e+02
1.2172511e+02
1.2167786e+02
1.2170119e+02
1.2183623e+02
1.2204436e+02
1.2224749e+02
1.2246316e+02
1.2272145e+02
1.2307716e+02
1.2344926e+02
1.2377064e+02
1.2409510e+02
1.2452932e+02
1.2500810e+02
1.2546027e+02
1.2584182e+02
1.2621277e+02
1.2666666e+02
1.2720370e+02
1.2774672e+02
1.2830710e+02
1.2890953e+02
1.2959819e+02
1.3030035e+02
1.3084607e+02
1.3114507e+02
1.3127199e+02
1.3141570e+02
1.3151292e+02
1.3124498e+02
1.3045911e+02
1.2975578e+02
1.2949036e+02
1.2942766e+02
1.2933893e+02
1.2927721e+02
1.2930730e+02
1.2948688e+02
1.2951254e+02
1.2928915e+02
1.2900945e+02
1.2889699e+02
1.2869908e+02
1.2851350e+02
1.2847319e+02
1.2850674e+02
1.2865355e+02
1.2904359e+02
1.2968018e+02
1.3043538e+02
1.3119618e+02
1.3199672e+02
1.3287790e+02
1.3374170e+02
1.3452411e+02
1.3520795e+02
1.3586690e+02
1.3654784e+02
1.1820853e+02
1.1877354e+02
1.1904282e+02
1.1905710e+02
1.1886748e+02
1.1846663e+02
1.1798013e+02
1.1763368e+02
1.1752431e+02
1.1765991e+02
1.1793480e+02
1.1819406e+02
1.1834471e+02
1.1852913e+02
1.1878646e+02
1.1903935e+02
1.1931366e+02
1.1955228e+02
1.1978877e+02
1.2006790e+02
1.2028279e+02
1.2039564e+02
1.2051234e+02
1.2060397e+02
1.2066435e+02
1.4009337e+02
1.4024344e+02
1.4035320e+02
1.4048592e+02
1.4065259e+02
1.4079475e+02
1.4087944e+02
1.4090239e+02
1.4098380e+02
1.4110417e+02
1.4125058e+02
1.4131270e+02
1.4133257e+02
1.4135822e+02
1.4139680e+02
1.4145428e+02
1.4150674e+02
1.4145235e+02
1.4141493e+02
1.4137500e+02
1.4137018e+02
1.4131288e+02
1.4125020e+02
1.4123303e+02
1.4122435e+02
1.2278029e+02
1.2269309e+02
1.2266917e+02
1.2270564e+02
1.2277373e+02
1.2277643e+02
1.2272241e+02
1.2269425e+02
1.2271007e+02
1.2276254e+02
1.2280286e+02
1.2277855e+02
1.2276698e+02
1.2279475e+02
1.2282697e+02
1.2280286e+02
1.2275116e+02
1.2273051e+02
1.2270332e+02
1.2268422e+02
1.2260339e+02
1.2254379e+02
1.2253742e+02
1.2254494e+02
1.2250424e+02
1.2250752e+02
1.2243364e+02
1.2239969e+02
1.2245988e+02
1.2247550e+02
1.2244483e+02
1.2240355e+02
1.2232368e+02
1.2232388e+02
1.2234838e+02
1.2235957e+02
1.2243229e+02
1.2248013e+02
1.2253299e+02
1.2251891e+02
1.2248997e+02
1.2251408e+02
1.2260493e+02
1.2271489e+02
1.2276389e+02
1.2274074e+02
1.2267824e+02
1.2264449e+02
1.2271759e+02
1.2280228e+02
1.2280305e+02
1.2278376e+02
1.2275656e+02
1.2271161e+02
1.2276968e+02
1.2280016e+02
1.2280324e+02
1.2282658e+02
1.2279012e+02
1.2271296e+02
1.2266647e+02
1.2263850e+02
1.2268326e+02
1.2273611e+02
1.2271451e+02
1.2261497e+02
1.2257349e+02
1.2261478e+02
1.2264487e+02
1.2262076e+02
1.2257021e+02
1.2251485e+02
1.2253973e+02
1.2255151e+02
1.2252296e+02
1.2245679e+02
1.2241512e+02
1.2238136e+02
1.2236806e+02
1.2233199e+02
1.2225366e+02
1.2224209e+02
1.2222415e+02
1.2215914e+02
1.2208314e+02
1.2201601e+02
1.2201273e+02
1.2205209e+02
1.2203607e+02
1.2195409e+02
1.2184819e+02
1.2180903e+02
1.2183661e+02
1.2191204e+02
1.2194637e+02
1.2193345e+02
1.2190490e+02
1.2190721e+02
1.2189101e+02
1.2188541e+02
1.4043442e+02
1.4052180e+02
1.4054688e+02
1.4045255e+02
1.4029784e+02
1.4025154e+02
1.4031752e+02
1.4036864e+02
1.4032060e+02
1.4020390e+02
1.4014680e+02
1.4018982e+02
1.4019406e+02
1.4012404e+02
1.4006848e+02
1.4006712e+02
1.4007947e+02
1.4003723e+02
1.3997993e+02
1.3991551e+02
1.3990741e+02
1.3993248e+02
1.3995467e+02
1.3989352e+02
1.3979572e+02
1.2165394e+02
1.2165856e+02
1.2168981e+02
1.2165432e+02
1.2158353e+02
1.2154649e+02
1.2156732e+02
1.2155421e+02
1.2152334e+02
1.2142477e+02
1.2133430e+02
1.2131771e+02
1.2132523e+02
1.2127759e+02
1.2128511e+02
1.2125270e+02
1.2118885e+02
1.2116184e+02
1.2111825e+02
1.2111632e+02
1.2116647e+02
1.2120525e+02
1.2115644e+02
1.2108083e+02
1.2102759e+02
1.4011940e+02
1.4014951e+02
1.4010899e+02
1.4006482e+02
1.4005806e+02
1.4003723e+02
1.4001485e+02
1.3996913e+02
1.3995891e+02
1.3999268e+02
1.3998650e+02
1.3987578e+02
1.3971837e+02
1.3968056e+02
1.3968094e+02
1.3967690e+02
1.3960841e+02
1.3951158e+02
1.3944116e+02
1.3936806e+02
1.3930826e+02
1.3925482e+02
1.3917458e+02
1.3908199e+02
1.3903877e+02
1.2095332e+02
1.2097608e+02
1.2093885e+02
1.2088233e+02
1.2087346e+02
1.2087404e+02
1.2086902e+02
1.2082774e+02
1.2078935e+02
1.2077277e+02
1.2075501e+02
1.2076601e+02
1.2073515e+02
1.2072839e+02
1.2072241e+02
1.2072396e+02
1.2065471e+02
1.2057388e+02
1.2048167e+02
1.2043345e+02
1.2045370e+02
1.2042361e+02
1.2034606e+02
1.2022145e+02
1.2017728e+02
1.2005980e+02
1.2005710e+02
1.2001292e+02
1.1999769e+02
1.2000347e+02
1.1995795e+02
1.1988271e+02
1.1979475e+02
1.1976949e+02
1.1986478e+02
1.1994155e+02
1.1993750e+02
1.1988464e+02
1.1985629e+02
1.1990355e+02
1.1995757e+02
1.1999981e+02
1.2001466e+02
1.2003588e+02
1.2000501e+02
1.1999479e+02
1.2000096e+02
1.2002257e+02
1.2004089e+02
1.2007272e+02
1.2008237e+02
1.2004881e+02
1.2005980e+02
1.2009394e+02
1.2011169e+02
1.2015451e+02
1.2011517e+02
1.2008179e+02
1.2010764e+02
1.2010629e+02
1.2009433e+02
1.2007098e+02
1.2005402e+02
1.2008392e+02
1.2013561e+02
1.2010320e+02
1.2005903e+02
1.2007118e+02
1.2009606e+02
1.2014834e+02
1.2014371e+02
1.2010050e+02
1.2006076e+02
1.2006597e+02
1.2008604e+02
1.2016956e+02
1.2005112e+02
1.2001292e+02
1.1999055e+02
1.2001582e+02
1.1996701e+02
1.1987712e+02
1.1980806e+02
1.1973959e+02
1.1975579e+02
1.1976698e+02
1.1974595e+02
1.1973148e+02
1.1973689e+02
1.1968634e+02
1.1963426e+02
1.1967226e+02
1.1973148e+02
1.1983854e+02
1.1989024e+02
1.1983353e+02
1.1981308e+02
1.1983661e+02
1.1992323e+02
1.2004649e+02
1.3832388e+02
1.3822665e+02
1.3818172e+02
1.3822665e+02
1.3829900e+02
1.3824980e+02
1.3817805e+02
1.3820447e+02
1.3827353e+02
1.3829553e+02
1.3822723e+02
1.3816551e+02
1.3821779e+02
1.3829205e+02
1.3823264e+02
1.3813078e+02
1.3813734e+02
1.3822531e+02
1.3828491e+02
1.3825636e+02
1.3821007e+02
1.3823842e+02
1.3830305e+02
1.3836111e+02
1.3835899e+02
1.3832697e+02
1.3835533e+02
1.3843190e+02
1.3846509e+02
1.3842207e+02
1.3840799e+02
1.3847531e+02
1.3856578e+02
1.3860455e+02
1.3865277e+02
1.3866377e+02
1.3872125e+02
1.3885493e+02
1.3890259e+02
1.3887538e+02
1.3883681e+02
1.3890605e+02
1.3902623e+02
1.3906520e+02
1.3905402e+02
1.3908333e+02
1.3914911e+02
1.3920795e+02
1.3917902e+02
1.3915181e+02
1.3912326e+02
1.3917110e+02
1.3921413e+02
1.3917632e+02
1.3910475e+02
1.3910263e+02
1.3926466e+02
1.3935938e+02
1.3931540e+02
1.3917380e+02
1.3916029e+02
1.3928203e+02
1.3935783e+02
1.3933044e+02
1.3924422e+02
1.3926273e+02
1.3935069e+02
1.3940027e+02
1.3933971e+02
1.3930382e+02
1.3937578e+02
1.3945930e+02
1.3943828e+02
1.3938136e+02
1.3937056e+02
1.2117052e+02
1.2124884e+02
1.2126698e+02
1.2125656e+02
1.2122993e+02
1.2126485e+02
1.2132426e+02
1.2135031e+02
1.2135455e+02
1.2137095e+02
1.2139796e+02
1.2144753e+02
1.2148611e+02
1.2148167e+02
1.2150540e+02
1.2151910e+02
1.2145718e+02
1.2137616e+02
1.2131192e+02
1.2130671e+02
1.2133777e+02
1.2133700e+02
1.2129572e+02
1.2120988e+02
1.2121547e+02
1.4027315e+02
1.4033931e+02
1.4031712e+02
1.4029803e+02
1.4039082e+02
1.4045583e+02
1.4044328e+02
1.4038503e+02
1.4033989e+02
1.4036053e+02
1.4040933e+02
1.4038696e+02
1.4034337e+02
1.4033623e+02
1.4045872e+02
1.4053163e+02
1.4048611e+02
1.4036072e+02
1.4035089e+02
1.4047493e+02
1.4056288e+02
1.4052893e+02
1.4043616e+02
1.4042574e+02
1.4050868e+02
1.2207851e+02
1.2215008e+02
1.2219116e+02
1.2219521e+02
1.2217882e+02
1.2217921e+02
1.2222068e+02
1.2223515e+02
1.2226543e+02
1.2230691e+02
1.2227334e+02
1.2222145e+02
1.2219772e+02
1.2225675e+02
1.2234182e+02
1.2237423e+02
1.2232600e+02
1.2228144e+02
1.2234317e+02
1.2240046e+02
1.2244560e+02
1.2238811e+02
1.2233276e+02
1.2231115e+02
1.2229321e+02
1.2230961e+02
1.2224518e+02
1.2221161e+02
1.2218422e+02
1.2215876e+02
1.2210513e+02
1.2206886e+02
1.2208411e+02
1.2208758e+02
1.2210378e+02
1.2209201e+02
1.2203221e+02
1.2204649e+02
1.2209684e+02
1.2217844e+02
1.2220042e+02
1.2217226e+02
1.2212230e+02
1.2213252e+02
1.2223611e+02
1.2228626e+02
1.2232368e+02
1.2237596e+02
1.2240509e+02
1.2234896e+02
1.4079784e+02
1.4080864e+02
1.4090799e+02
1.4094714e+02
1.4092053e+02
1.4083449e+02
1.4081000e+02
1.4083527e+02
1.4087500e+02
1.4086034e+02
1.4080498e+02
1.4079707e+02
1.4087982e+02
1.4097878e+02
1.4102721e+02
1.4108160e+02
1.4118538e+02
1.4127045e+02
1.4132350e+02
1.4136342e+02
1.4139835e+02
1.4145062e+02
1.4153453e+02
1.4160301e+02
1.4156346e+02
1.2342535e+02
1.2345795e+02
1.2348283e+02
1.2347781e+02
1.2338638e+02
1.2325251e+02
1.2315741e+02
1.2315143e+02
1.2307793e+02
1.2300906e+02
1.2294001e+02
1.2283295e+02
1.2277990e+02
1.2272376e+02
1.2267439e+02
1.2264256e+02
1.2260281e+02
1.2257156e+02
1.2254552e+02
1.2247550e+02
1.2244039e+02
1.2251698e+02
1.2258739e+02
1.2255074e+02
1.2250251e+02
1.4126910e+02
1.4121277e+02
1.4113966e+02
1.4111266e+02
1.4112366e+02
1.4109067e+02
1.4103973e+02
1.4091570e+02
1.4082368e+02
1.4079861e+02
1.4080980e+02
1.4077855e+02
1.4069965e+02
1.4063426e+02
1.4057697e+02
1.4058527e+02
1.4064294e+02
1.4073824e+02
1.4078685e+02
1.4077835e+02
1.4071895e+02
1.4071335e+02
1.4066531e+02
1.4053839e+02
1.4040065e+02
1.2183739e+02
1.2163175e+02
1.2135281e+02
1.2102739e+02
1.2081578e+02
1.2073225e+02
1.2076331e+02
1.2076176e+02
1.2071528e+02
1.2075752e+02
1.2080556e+02
1.2082098e+02
1.2080614e+02
1.2073032e+02
1.2067824e+02
1.2067651e+02
1.2062269e+02
1.2054166e+02
1.2049190e+02
1.2047723e+02
1.2051350e+02
1.2055980e+02
1.2066184e+02
1.2082002e+02
1.2100540e+02
1.4038638e+02
1.4051717e+02
1.4057388e+02
1.4066455e+02
1.4081578e+02
1.4089969e+02
1.4091397e+02
1.4091531e+02
1.4095641e+02
1.4099112e+02
1.4097955e+02
1.4103203e+02
1.4109009e+02
1.4109837e+02
1.4103819e+02
1.4097087e+02
1.4096085e+02
1.4102991e+02
1.4113060e+02
1.4116473e+02
1.4115413e+02
1.4112308e+02
1.4107234e+02
1.4103279e+02
1.4100520e+02
1.2265162e+02
1.2258044e+02
1.2242786e+02
1.2232793e+02
1.2220197e+02
1.2208199e+02
1.2189294e+02
1.2165297e+02
1.2145428e+02
1.2123766e+02
1.2097241e+02
1.2074094e+02
1.2051234e+02
1.2032735e+02
1.2018422e+02
1.2003009e+02
1.1983064e+02
1.1970197e+02
1.1959529e+02
1.1947376e+02
1.1935995e+02
1.1923746e+02
1.1918461e+02
1.1918673e+02
1.1922029e+02
1.1907098e+02
1.1905691e+02
1.1901447e+02
1.1901698e+02
1.1903549e+02
1.1906578e+02
1.1910764e+02
1.1916300e+02
1.1919001e+02
1.1912963e+02
1.1906154e+02
1.1908295e+02
1.1918133e+02
1.1921586e+02
1.1913541e+02
1.1890239e+02
1.1874171e+02
1.1863947e+02
1.1860493e+02
1.1862153e+02
1.1861555e+02
1.1857272e+02
1.1852971e+02
1.1847897e+02
1.1851022e+02
1.3776312e+02
1.3770235e+02
1.3759819e+02
1.3764371e+02
1.3762114e+02
1.3756906e+02
1.3752933e+02
1.3753183e+02
1.3752180e+02
1.3745023e+02
1.3739777e+02
1.3738560e+02
1.3737422e+02
1.3731694e+02
1.3723824e+02
1.3708507e+02
1.3699808e+02
1.3700348e+02
1.3699576e+02
1.3691377e+02
1.3677875e+02
1.3661208e+02
1.3660860e+02
1.3664815e+02
1.3659915e+02
1.3652835e+02
1.3653799e+02
1.3664082e+02
1.3667053e+02
1.3665277e+02
1.3673071e+02
1.3684607e+02
1.3692786e+02
1.3691493e+02
1.3683777e+02
1.3679359e+02
1.3681828e+02
1.3682812e+02
1.3683430e+02
1.3676659e+02
1.3678549e+02
1.3688734e+02
1.3692805e+02
1.3682562e+02
1.3669926e+02
1.3655266e+02
1.3649112e+02
1.3656346e+02
1.3659279e+02
1.3656192e+02
1.1738426e+02
1.1723824e+02
1.1712577e+02
1.1708353e+02
1.1714120e+02
1.1722550e+02
1.1728414e+02
1.1723438e+02
1.1718731e+02
1.1705093e+02
1.1697184e+02
1.1708796e+02
1.1723380e+02
1.1722319e+02
1.1709934e+02
1.1690760e+02
1.1681269e+02
1.1689969e+02
1.1703800e+02
1.1708739e+02
1.1702546e+02
1.1692245e+02
1.1682446e+02
1.1674614e+02
1.1675579e+02
1.1675791e+02
1.1670119e+02
1.1662249e+02
1.1661266e+02
1.1666300e+02
1.1676003e+02
1.1675771e+02
1.1664545e+02
1.1650309e+02
1.1645544e+02
1.1655344e+02
1.1659144e+02
1.1649325e+02
1.1632195e+02
1.1614140e+02
1.1611825e+02
1.1611092e+02
1.1609375e+02
1.1603395e+02
1.1592767e+02
1.1580170e+02
1.1570564e+02
1.1564738e+02
1.1572531e+02
1.1577392e+02
1.3521045e+02
1.3514391e+02
1.3498148e+02
1.3484549e+02
1.3487442e+02
1.3489178e+02
1.3480902e+02
1.3468190e+02
1.3460263e+02
1.3466917e+02
1.3470004e+02
1.3465317e+02
1.3454475e+02
1.3440239e+02
1.3435339e+02
1.3439545e+02
1.3440471e+02
1.3433315e+02
1.3426447e+02
1.3421701e+02
1.3419232e+02
1.3415123e+02
1.3412538e+02
1.3410301e+02
1.3407909e+02
1.3404417e+02
1.3399922e+02
1.3393616e+02
1.3389680e+02
1.3392342e+02
1.3394580e+02
1.3386690e+02
1.3376003e+02
1.3371085e+02
1.3371875e+02
1.3371181e+02
1.3369656e+02
1.3364313e+02
1.3359761e+02
1.3357310e+02
1.3357581e+02
1.3353145e+02
1.3346817e+02
1.3346065e+02
1.3350000e+02
1.3351871e+02
1.3347820e+02
1.3344058e+02
1.3349152e+02
1.3349692e+02
1.1435127e+02
1.1423360e+02
1.1418557e+02
1.1422029e+02
1.1421740e+02
1.1417767e+02
1.1410166e+02
1.1404881e+02
1.1403626e+02
1.1407948e+02
1.1415953e+02
1.1412191e+02
1.1408392e+02
1.1403221e+02
1.1397222e+02
1.1398959e+02
1.1407619e+02
1.1415818e+02
1.1417824e+02
1.1411246e+02
1.1403009e+02
1.1391782e+02
1.1395814e+02
1.1403723e+02
1.1406983e+02
1.3261246e+02
1.3256694e+02
1.3255132e+02
1.3251138e+02
1.3246297e+02
1.3242419e+02
1.3238310e+02
1.3235185e+02
1.3229958e+02
1.3228203e+02
1.3224210e+02
1.3219598e+02
1.3216029e+02
1.3214989e+02
1.3211768e+02
1.3205208e+02
1.3200714e+02
1.3198534e+02
1.3200232e+02
1.3199074e+02
1.3195621e+02
1.3188348e+02
1.3185069e+02
1.3184607e+02
1.3183719e+02
1.3176562e+02
1.3172743e+02
1.3177199e+02
1.3181674e+02
1.3178973e+02
1.3172801e+02
1.3172955e+02
1.3172377e+02
1.3168346e+02
1.3162828e+02
1.3157986e+02
1.3158701e+02
1.3160551e+02
1.3159085e+02
1.3156134e+02
1.3147029e+02
1.3143094e+02
1.3145409e+02
1.3144772e+02
1.3136458e+02
1.3132620e+02
1.3130402e+02
1.3124382e+02
1.3114951e+02
1.3113232e+02
1.3114719e+02
1.3115143e+02
1.3104726e+02
1.3093924e+02
1.3090933e+02
1.3094714e+02
1.3092844e+02
1.3086864e+02
1.3082022e+02
1.3082793e+02
1.3081018e+02
1.3075945e+02
1.3071315e+02
1.3070100e+02
1.3070525e+02
1.3066801e+02
1.3061342e+02
1.3060841e+02
1.3062366e+02
1.3057214e+02
1.3050790e+02
1.3051003e+02
1.3053529e+02
1.3049055e+02
1.3043808e+02
1.3042728e+02
1.3041917e+02
1.3042766e+02
1.3040335e+02
1.3035011e+02
1.3031752e+02
1.3031192e+02
1.3036362e+02
1.3035127e+02
1.3033141e+02
1.3033757e+02
1.3041821e+02
1.3039737e+02
1.3037210e+02
1.3035918e+02
1.3033893e+02
1.3033815e+02
1.3033487e+02
1.3036748e+02
1.3036786e+02
1.3038060e+02
1.3036612e+02
1.3039178e+02
1.3036632e+02
1.3028145e+02
1.3022627e+02
1.3022685e+02
1.3019810e+02
1.3011034e+02
1.2999326e+02
1.2990837e+02
1.2987250e+02
1.2991898e+02
1.2993654e+02
1.2988928e+02
1.2975308e+02
1.2969136e+02
1.2971585e+02
1.2970505e+02
1.2963928e+02
1.2953799e+02
1.2953915e+02
1.2955402e+02
1.2951100e+02
1.2940779e+02
1.2937790e+02
1.2940105e+02
1.2940953e+02
1.2931346e+02
1.2921489e+02
1.2918730e+02
1.2921161e+02
1.2919502e+02
1.2909877e+02
1.2905440e+02
1.2905922e+02
1.2903955e+02
1.2897223e+02
1.2890163e+02
1.2884395e+02
1.2885011e+02
1.2885533e+02
1.2882986e+02
1.2874210e+02
1.2869444e+02
1.2878723e+02
1.2883913e+02
1.2878569e+02
1.2874016e+02
1.2875000e+02
1.2879301e+02
1.2878857e+02
1.2874730e+02
1.2868132e+02
1.2866377e+02
1.0981481e+02
1.0979861e+02
1.0975636e+02
1.0972261e+02
1.0966184e+02
1.0957890e+02
1.0954610e+02
1.0955132e+02
1.0959992e+02
1.0965818e+02
1.0967052e+02
1.0961883e+02
1.0954379e+02
1.0951215e+02
1.0948611e+02
1.0953067e+02
1.0958893e+02
1.0956404e+02
1.0945679e+02
1.0944155e+02
1.0946393e+02
1.0951157e+02
1.0949942e+02
1.0939950e+02
1.0934105e+02
1.2765972e+02
1.2757426e+02
1.2747704e+02
1.2741493e+02
1.2745293e+02
1.2746104e+02
1.2741204e+02
1.2731867e+02
1.2729436e+02
1.2732388e+02
1.2730729e+02
1.2723515e+02
1.2716898e+02
1.2717168e+02
1.2720679e+02
1.2722550e+02
1.2718422e+02
1.2711844e+02
1.2709799e+02
1.2711420e+02
1.2713079e+02
1.2711459e+02
1.2708989e+02
1.2712616e+02
1.2722666e+02
1.2727007e+02
1.2724421e+02
1.2721701e+02
1.2730132e+02
1.2736150e+02
1.2737056e+02
1.2730189e+02
1.2721316e+02
1.2728144e+02
1.2743943e+02
1.2743036e+02
1.2724383e+02
1.2723322e+02
1.2724884e+02
1.2721296e+02
1.2719290e+02
1.2711979e+02
1.2714468e+02
1.2725694e+02
1.2717612e+02
1.2709336e+02
1.2709317e+02
1.2716011e+02
1.2718036e+02
1.2711459e+02
1.2696605e+02
1.2682349e+02
1.2683353e+02
1.2691859e+02
1.2692786e+02
1.2683854e+02
1.2671991e+02
1.2668499e+02
1.2666339e+02
1.2660320e+02
1.2647608e+02
1.2632793e+02
1.2626562e+02
1.2625386e+02
1.2621566e+02
1.2612442e+02
1.2600714e+02
1.2596393e+02
1.2596046e+02
1.2593924e+02
1.2589526e+02
1.2582465e+02
1.2575366e+02
1.2568480e+02
1.2565297e+02
1.2558912e+02
1.2552354e+02
1.2546277e+02
1.2541281e+02
1.2536439e+02
1.2528164e+02
1.2525848e+02
1.2528742e+02
1.2525386e+02
1.2512731e+02
1.2499904e+02
1.2495795e+02
1.2486652e+02
1.2479031e+02
1.2463175e+02
1.2445699e+02
1.2428993e+02
1.2416782e+02
1.2397280e+02
1.2360069e+02
1.2312404e+02
1.2270004e+02
1.2241416e+02
1.2220061e+02
1.2200656e+02
1.2184240e+02
1.2172627e+02
1.2176756e+02
1.2188618e+02
1.2202373e+02
1.2207658e+02
1.2213618e+02
1.2227392e+02
1.2252026e+02
1.2276080e+02
1.2310629e+02
1.2352238e+02
1.2411825e+02
1.2479089e+02
1.2545023e+02
1.2602238e+02
1.2643403e+02
1.2678569e+02
1.2709182e+02
1.2728009e+02
1.2738754e+02
1.2755806e+02
1.2777816e+02
1.2800830e+02
1.2819464e+02
1.2835783e+02
1.2849402e+02
1.2859645e+02
1.2862848e+02
1.2872415e+02
1.2886497e+02
1.2898245e+02
1.2905788e+02
1.2912924e+02
1.2921297e+02
1.2930768e+02
1.2939583e+02
1.2948148e+02
1.2956964e+02
1.2965393e+02
1.2971971e+02
1.2977739e+02
1.2982909e+02
1.2989024e+02
1.2996797e+02
1.2997435e+02
1.2998399e+02
1.3002219e+02
1.3005922e+02
1.3011285e+02
1.3012904e+02
1.3015259e+02
1.3018616e+02
1.3021451e+02
1.3016647e+02
1.3014024e+02
1.3010687e+02
1.3009395e+02
1.3010165e+02
1.3007040e+02
1.2999518e+02
1.2994984e+02
1.3003549e+02
1.3012886e+02
1.3009915e+02
1.3002199e+02
1.2996837e+02
1.3003145e+02
1.3010011e+02
1.3013020e+02
1.3008411e+02
1.3007890e+02
1.3012210e+02
1.3015393e+02
1.3014815e+02
1.3012866e+02
1.3017554e+02
1.3022665e+02
1.3022955e+02
1.3020699e+02
1.3021373e+02
1.3025714e+02
1.3027411e+02
1.3029243e+02
1.3028087e+02
1.3025714e+02
1.3021161e+02
1.3020872e+02
1.3025154e+02
1.3023187e+02
1.3018884e+02
1.3019136e+02
1.3018712e+02
1.3019232e+02
1.3018036e+02
1.3020197e+02
1.3027469e+02
1.3031018e+02
1.3032735e+02
1.3036400e+02
1.1242535e+02
1.1246065e+02
1.1244329e+02
1.1235378e+02
1.1223592e+02
1.1218981e+02
1.1220757e+02
1.1223051e+02
1.1220274e+02
1.1214178e+02
1.1208912e+02
1.1212056e+02
1.1216416e+02
1.1220081e+02
1.1223438e+02
1.1229051e+02
1.1231154e+02
1.1231694e+02
1.1235262e+02
1.1234510e+02
1.1239391e+02
1.1249306e+02
1.1251505e+02
1.1247839e+02
1.1240934e+02
1.1236555e+02
1.1244097e+02
1.1250887e+02
1.1248341e+02
1.1246586e+02
1.1248148e+02
1.1247589e+02
1.1250328e+02
1.1253819e+02
1.1252161e+02
1.1252238e+02
1.1250270e+02
1.1248515e+02
1.1248746e+02
1.1252161e+02
1.1254572e+02
1.1259433e+02
1.1260532e+02
1.1253916e+02
1.1253935e+02
1.1258584e+02
1.1261613e+02
1.1264545e+02
1.1261382e+02
1.1257619e+02
1.1262230e+02
1.1263869e+02
1.1264526e+02
1.1265934e+02
1.1264545e+02
1.1259452e+02
1.1255999e+02
1.1248824e+02
1.1245197e+02
1.1242361e+02
1.1238194e+02
1.1234799e+02
1.1230093e+02
1.1225019e+02
1.1222589e+02
1.1225906e+02
1.1230228e+02
1.1224364e+02
1.1217612e+02
1.1218461e+02
1.1226601e+02
1.1236208e+02
1.1238175e+02
1.1240316e+02
1.1237809e+02
1.3060301e+02
1.3061362e+02
1.3058893e+02
1.3063870e+02
1.3066473e+02
1.3065991e+02
1.3059143e+02
1.3057080e+02
1.3059587e+02
1.3062828e+02
1.3065471e+02
1.3064410e+02
1.3063118e+02
1.3061092e+02
1.3061246e+02
1.3063754e+02
1.3066339e+02
1.3063715e+02
1.3061960e+02
1.3058797e+02
1.3062366e+02
1.3067438e+02
1.3068884e+02
1.3063445e+02
1.3062886e+02
1.3069464e+02
1.3076562e+02
1.3069598e+02
1.3063406e+02
1.3068076e+02
1.3079070e+02
1.3081000e+02
1.3076582e+02
1.3073592e+02
1.3076582e+02
1.3085899e+02
1.3092882e+02
1.3096335e+02
1.3097395e+02
1.3102393e+02
1.3110706e+02
1.3115625e+02
1.3113464e+02
1.3110281e+02
1.3116165e+02
1.3122473e+02
1.3127103e+02
1.3129205e+02
1.3130054e+02
1.3133333e+02
1.1290856e+02
1.1289140e+02
1.1289333e+02
1.1297087e+02
1.1305594e+02
1.1307755e+02
1.1313214e+02
1.1311690e+02
1.1312866e+02
1.1323438e+02
1.1334240e+02
1.1336285e+02
1.1338445e+02
1.1335185e+02
1.1335590e+02
1.1344155e+02
1.1354456e+02
1.1358449e+02
1.1358642e+02
1.1361053e+02
1.1364236e+02
1.1368866e+02
1.1368711e+02
1.1370390e+02
1.1376350e+02
1.3153799e+02
1.3152933e+02
1.3145505e+02
1.3143230e+02
1.3151158e+02
1.3154379e+02
1.3152777e+02
1.3146451e+02
1.3147029e+02
1.3153665e+02
1.3153259e+02
1.3147993e+02
1.3147319e+02
1.3153029e+02
1.3160223e+02
1.3160667e+02
1.3155846e+02
1.3152605e+02
1.3155826e+02
1.3166223e+02
1.3170641e+02
1.3171335e+02
1.3167574e+02
1.3173630e+02
1.3180362e+02
1.3180132e+02
1.3175888e+02
1.3171741e+02
1.3173225e+02
1.3175462e+02
1.3180672e+02
1.3181482e+02
1.3180806e+02
1.3185263e+02
1.3195987e+02
1.3197145e+02
1.3193288e+02
1.3188174e+02
1.3193442e+02
1.3200116e+02
1.3197665e+02
1.3191667e+02
1.3192862e+02
1.3204572e+02
1.3215953e+02
1.3215317e+02
1.3203781e+02
1.3198109e+02
1.3208430e+02
1.3221547e+02
1.3221471e+02
1.3214931e+02
1.3218422e+02
1.3232040e+02
1.3237192e+02
1.3234085e+02
1.3236266e+02
1.3242574e+02
1.3247261e+02
1.3247743e+02
1.3242033e+02
1.3242535e+02
1.3249596e+02
1.3256116e+02
1.3261786e+02
1.3264565e+02
1.3271143e+02
1.3276562e+02
1.3278877e+02
1.3282793e+02
1.3285938e+02
1.3288870e+02
1.3288232e+02
1.3292650e+02
1.3297049e+02
1.3303317e+02
1.3307735e+02
1.3316299e+02
1.3323592e+02
1.3332426e+02
1.3339101e+02
1.3344908e+02
1.3352199e+02
1.3357774e+02
1.3362962e+02
1.3366937e+02
1.3373167e+02
1.3382697e+02
1.3391357e+02
1.3396701e+02
1.3396007e+02
1.3398322e+02
1.3400000e+02
1.3404167e+02
1.3405324e+02
1.3405074e+02
1.3405632e+02
1.3402469e+02
1.3403935e+02
1.3404707e+02
1.3409895e+02
1.3413638e+02
1.3418326e+02
1.3417824e+02
1.3410320e+02
1.3408545e+02
1.3416879e+02
1.3426466e+02
1.3426370e+02
1.3422917e+02
1.3421913e+02
1.3426254e+02
1.3431540e+02
1.3433121e+02
1.3428375e+02
1.3421759e+02
1.3419444e+02
1.3421913e+02
1.3423572e+02
1.3423341e+02
1.3426350e+02
1.3435339e+02
1.3442400e+02
1.3447917e+02
1.3448920e+02
1.1647126e+02
1.1649556e+02
1.1652045e+02
1.1653954e+02
1.1653009e+02
1.1650771e+02
1.1652354e+02
1.1654745e+02
1.1653896e+02
1.1657176e+02
1.1656424e+02
1.1657542e+02
1.1659240e+02
1.1655999e+02
1.1652681e+02
1.1651505e+02
1.1653549e+02
1.1657002e+02
1.1661729e+02
1.1661169e+02
1.1658392e+02
1.1661111e+02
1.1665972e+02
1.1668731e+02
1.1663599e+02
1.1648631e+02
1.1663754e+02
1.1675714e+02
1.1685686e+02
1.1683777e+02
1.1678376e+02
1.1684201e+02
1.1695139e+02
1.1702219e+02
1.1710493e+02
1.1718191e+02
1.1718538e+02
1.1714005e+02
1.1714757e+02
1.1719849e+02
1.1731096e+02
1.1742188e+02
1.1744791e+02
1.1739892e+02
1.1738657e+02
1.1741146e+02
1.1750116e+02
1.1757098e+02
1.1756173e+02
1.1755498e+02
1.3593172e+02
1.3596239e+02
1.3602835e+02
1.3605632e+02
1.3605614e+02
1.3604205e+02
1.3606384e+02
1.3614622e+02
1.3618672e+02
1.3618982e+02
1.3618884e+02
1.3621065e+02
1.3626505e+02
1.3628357e+02
1.3628317e+02
1.3630190e+02
1.3636632e+02
1.3644482e+02
1.3650424e+02
1.3655652e+02
1.3657581e+02
1.3666011e+02
1.3676118e+02
1.3678125e+02
1.3672935e+02
1.1774171e+02
1.1778781e+02
1.1781867e+02
1.1783392e+02
1.1783912e+02
1.1787211e+02
1.1788001e+02
1.1785706e+02
1.1784529e+02
1.1800347e+02
1.1809336e+02
1.1813387e+02
1.1809568e+02
1.1808160e+02
1.1813869e+02
1.1826736e+02
1.1836227e+02
1.1837558e+02
1.1835397e+02
1.1836671e+02
1.1838792e+02
1.1847261e+02
1.1850482e+02
1.1855864e+02
1.1857311e+02
1.1890972e+02
1.1891570e+02
1.1893538e+02
1.1896624e+02
1.1897049e+02
1.1897203e+02
1.1893114e+02
1.1891898e+02
1.1892632e+02
1.1895409e+02
1.1904321e+02
1.1908237e+02
1.1907465e+02
1.1904398e+02
1.1905074e+02
1.1911825e+02
1.1915027e+02
1.1914391e+02
1.1915471e+02
1.1918171e+02
1.1922627e+02
1.1923843e+02
1.1923380e+02
1.1921296e+02
1.1922858e+02
1.1924364e+02
1.1918731e+02
1.1910358e+02
1.1909201e+02
1.1914140e+02
1.1917323e+02
1.1908893e+02
1.1901485e+02
1.1897569e+02
1.1897492e+02
1.1899923e+02
1.1897184e+02
1.1894020e+02
1.1892651e+02
1.1893171e+02
1.1895042e+02
1.1900694e+02
1.1901389e+02
1.1908527e+02
1.1916339e+02
1.1918133e+02
1.1918538e+02
1.1919791e+02
1.1925694e+02
1.1938156e+02
1.3789159e+02
1.3781270e+02
1.3771953e+02
1.3778529e+02
1.3793538e+02
1.3797493e+02
1.3788560e+02
1.3786188e+02
1.3792766e+02
1.3796991e+02
1.3793942e+02
1.3789719e+02
1.3789525e+02
1.3792882e+02
1.3790663e+02
1.3783237e+02
1.3781790e+02
1.3783121e+02
1.3784549e+02
1.3777835e+02
1.3775772e+02
1.3778973e+02
1.3780478e+02
1.3776447e+02
1.3777585e+02
1.3783295e+02
1.3785803e+02
1.3779745e+02
1.3781192e+02
1.3783545e+02
1.3785667e+02
1.3787288e+02
1.3788812e+02
1.3792535e+02
1.3800578e+02
1.3810011e+02
1.3811458e+02
1.3814989e+02
1.3821007e+02
1.3827585e+02
1.3826350e+02
1.3820447e+02
1.3824016e+02
1.3834221e+02
1.3840317e+02
1.3838812e+02
1.3835185e+02
1.3840933e+02
1.3844348e+02
1.3841011e+02
1.3832620e+02
1.3828337e+02
1.3824170e+02
1.3820178e+02
1.3817458e+02
1.3815991e+02
1.3820795e+02
1.3824480e+02
1.3824055e+02
1.3814487e+02
1.3809201e+02
1.3813118e+02
1.3820525e+02
1.3821373e+02
1.3814641e+02
1.3811304e+02
1.3812558e+02
1.3814024e+02
1.3813252e+02
1.3812288e+02
1.3812558e+02
1.3813098e+02
1.3814410e+02
1.3812808e+02
1.3810764e+02
1.1991743e+02
1.1996142e+02
1.2000444e+02
1.2002450e+02
1.1999981e+02
1.1995023e+02
1.2000019e+02
1.2002219e+02
1.2006115e+02
1.2006520e+02
1.2002392e+02
1.2003164e+02
1.2007349e+02
1.2008218e+02
1.2004630e+02
1.2002411e+02
1.1997511e+02
1.1995042e+02
1.1994001e+02
1.1987191e+02
1.1988638e+02
1.1985204e+02
1.1981655e+02
1.1976987e+02
1.1971104e+02
1.1946566e+02
1.1947878e+02
1.1948244e+02
1.1940451e+02
1.1932098e+02
1.1931636e+02
1.1946335e+02
1.1957214e+02
1.1959838e+02
1.1956655e+02
1.1957253e+02
1.1961825e+02
1.1969868e+02
1.1975617e+02
1.1979359e+02
1.1980054e+02
1.1981616e+02
1.1973206e+02
1.1967612e+02
1.1976582e+02
1.1987095e+02
1.1995564e+02
1.1992709e+02
1.1987365e+02
1.1980826e+02
1.2004591e+02
1.2006250e+02
1.2004572e+02
1.2001022e+02
1.1997569e+02
1.1999383e+02
1.2003106e+02
1.2004649e+02
1.2006327e+02
1.2006038e+02
1.2011902e+02
1.2016377e+02
1.2020448e+02
1.2015162e+02
1.2023244e+02
1.2028414e+02
1.2032928e+02
1.2032098e+02
1.2026601e+02
1.2025154e+02
1.2024653e+02
1.2023959e+02
1.2018461e+02
1.2010551e+02
1.2003858e+02
1.2008758e+02
1.2002951e+02
1.1998592e+02
1.1991859e+02
1.1987789e+02
1.1983372e+02
1.1982561e+02
1.1981616e+02
1.1983257e+02
1.1987134e+02
1.1989931e+02
1.1986497e+02
1.1978144e+02
1.1977315e+02
1.1989120e+02
1.1999518e+02
1.2000714e+02
1.1994676e+02
1.1994483e+02
1.2000193e+02
1.2014294e+02
1.2028221e+02
1.2038310e+02
1.2041570e+02
1.2042554e+02
1.2031404e+02
1.2030382e+02
1.2038541e+02
1.2046239e+02
1.2049094e+02
1.2045390e+02
1.2036652e+02
1.2028549e+02
1.2030093e+02
1.2038233e+02
1.2041416e+02
1.2040201e+02
1.2036748e+02
1.2037963e+02
1.2044830e+02
1.2048785e+02
1.2048959e+02
1.2048129e+02
1.2049981e+02
1.2053279e+02
1.2055884e+02
1.2052257e+02
1.2056250e+02
1.2061150e+02
1.2068673e+02
1.2064815e+02
1.2066743e+02
1.2064892e+02
1.2069329e+02
1.2073534e+02
1.2076099e+02
1.2071952e+02
1.2068654e+02
1.2066956e+02
1.2064140e+02
1.2062076e+02
1.2048939e+02
1.2043885e+02
1.2040220e+02
1.2039777e+02
1.2038599e+02
1.2037905e+02
1.2037172e+02
1.2036864e+02
1.2035108e+02
1.2030556e+02
1.2032233e+02
1.2045776e+02
1.2054436e+02
1.2055749e+02
1.3948380e+02
1.3942207e+02
1.3934625e+02
1.3938156e+02
1.3947781e+02
1.3950116e+02
1.3940973e+02
1.3931578e+02
1.3929417e+02
1.3935590e+02
1.3936574e+02
1.3930768e+02
1.3926234e+02
1.3926234e+02
1.3927237e+02
1.3924228e+02
1.3916531e+02
1.3913600e+02
1.3919540e+02
1.3920679e+02
1.3916127e+02
1.3913272e+02
1.3912674e+02
1.3918576e+02
1.3919908e+02
1.2101273e+02
1.2100174e+02
1.2100694e+02
1.2106520e+02
1.2103376e+02
1.2099904e+02
1.2102913e+02
1.2106192e+02
1.2108700e+02
1.2107716e+02
1.2098708e+02
1.2097627e+02
1.2099286e+02
1.2097145e+02
1.2089911e+02
1.2087211e+02
1.2083854e+02
1.2082658e+02
1.2079012e+02
1.2066261e+02
1.2055652e+02
1.2051987e+02
1.2047762e+02
1.2045428e+02
1.2039352e+02
1.3919464e+02
1.3915741e+02
1.3919078e+02
1.3914719e+02
1.3906096e+02
1.3896797e+02
1.3891956e+02
1.3892245e+02
1.3885205e+02
1.3874190e+02
1.3864120e+02
1.3865759e+02
1.3876254e+02
1.3874692e+02
1.3858257e+02
1.3844098e+02
1.3842786e+02
1.3847685e+02
1.3843828e+02
1.3831558e+02
1.3825038e+02
1.3826852e+02
1.3826176e+02
1.3820969e+02
1.3813580e+02
1.3811111e+02
1.3813947e+02
1.3816725e+02
1.3811015e+02
1.3806000e+02
1.3806154e+02
1.3808815e+02
1.3810880e+02
1.3809241e+02
1.3805208e+02
1.3804765e+02
1.3806038e+02
1.3807812e+02
1.3804147e+02
1.3800404e+02
1.3799596e+02
1.3807408e+02
1.3809529e+02
1.3803221e+02
1.3802141e+02
1.3810165e+02
1.3817149e+02
1.3822049e+02
1.3822435e+02
1.3822859e+02
1.1962326e+02
1.1959144e+02
1.1947396e+02
1.1942458e+02
1.1936671e+02
1.1940085e+02
1.1943403e+02
1.1941512e+02
1.1933758e+02
1.1930691e+02
1.1931231e+02
1.1931250e+02
1.1938850e+02
1.1941358e+02
1.1945679e+02
1.1948804e+02
1.1947858e+02
1.1945544e+02
1.1944541e+02
1.1954108e+02
1.1964294e+02
1.1970255e+02
1.1964680e+02
1.1958488e+02
1.1959722e+02
1.1994714e+02
1.1999171e+02
1.1996335e+02
1.1993306e+02
1.1997723e+02
1.2000328e+02
1.2000694e+02
1.2000559e+02
1.2003665e+02
1.2004842e+02
1.2007041e+02
1.2004128e+02
1.1999094e+02
1.2002064e+02
1.2006636e+02
1.2011401e+02
1.2014198e+02
1.2010166e+02
1.2007176e+02
1.2005845e+02
1.2013040e+02
1.2012095e+02
1.2011690e+02
1.2011246e+02
1.2012596e+02
1.1978299e+02
1.1976331e+02
1.1973746e+02
1.1971065e+02
1.1967902e+02
1.1965104e+02
1.1961864e+02
1.1959066e+02
1.1961208e+02
1.1957870e+02
1.1952836e+02
1.1944367e+02
1.1937423e+02
1.1938908e+02
1.1947222e+02
1.1949094e+02
1.1942110e+02
1.1935493e+02
1.1936034e+02
1.1946412e+02
1.1957388e+02
1.1959491e+02
1.1962596e+02
1.1965529e+02
1.1967670e+02
1.1959336e+02
1.1973766e+02
1.1987674e+02
1.1997858e+02
1.2005209e+02
1.1998766e+02
1.1992091e+02
1.1999711e+02
1.2015683e+02
1.2025771e+02
1.2030903e+02
1.2028626e+02
1.2028781e+02
1.2039507e+02
1.2052103e+02
1.2061150e+02
1.2063792e+02
1.2064738e+02
1.2069560e+02
1.2076871e+02
1.2081501e+02
1.2085416e+02
1.2087712e+02
1.2092824e+02
1.2097434e+02
1.3945062e+02
1.3943056e+02
1.3944116e+02
1.3950790e+02
1.3957523e+02
1.3952759e+02
1.3947067e+02
1.3950848e+02
1.3961652e+02
1.3965625e+02
1.3965123e+02
1.3963754e+02
1.3969926e+02
1.3979437e+02
1.3984645e+02
1.3985417e+02
1.3984471e+02
1.3987462e+02
1.3993924e+02
1.3993558e+02
1.3991705e+02
1.3995717e+02
1.4006848e+02
1.4009047e+02
1.4001910e+02
1.2082619e+02
1.2080749e+02
1.2090316e+02
1.2102045e+02
1.2105324e+02
1.2100848e+02
1.2096046e+02
1.2099499e+02
1.2105787e+02
1.2117477e+02
1.2120988e+02
1.2121586e+02
1.2121663e+02
1.2120409e+02
1.2119907e+02
1.2122164e+02
1.2127894e+02
1.2130421e+02
1.2135436e+02
1.2131231e+02
1.2127643e+02
1.2131713e+02
1.2140529e+02
1.2139757e+02
1.2134491e+02
1.2148071e+02
1.2149441e+02
1.2158931e+02
1.2165548e+02
1.2165124e+02
1.2161111e+02
1.2162539e+02
1.2165741e+02
1.2168866e+02
1.2166743e+02
1.2168114e+02
1.2169001e+02
1.2169560e+02
1.2172049e+02
1.2171759e+02
1.2174576e+02
1.2177624e+02
1.2178877e+02
1.2169676e+02
1.2162365e+02
1.2157291e+02
1.2159992e+02
1.2163908e+02
1.2163175e+02
1.2153491e+02
1.2120061e+02
1.2116917e+02
1.2119868e+02
1.2122858e+02
1.2121875e+02
1.2119868e+02
1.2121258e+02
1.2120216e+02
1.2117882e+02
1.2118519e+02
1.2125289e+02
1.2131327e+02
1.2137442e+02
1.2135243e+02
1.2130536e+02
1.2134356e+02
1.2140451e+02
1.2150154e+02
1.2155112e+02
1.2152990e+02
1.2149884e+02
1.2151717e+02
1.2155267e+02
1.2157948e+02
1.2157156e+02
1.2166917e+02
1.2172319e+02
1.2176485e+02
1.2175039e+02
1.2175405e+02
1.2179552e+02
1.2184086e+02
1.2182639e+02
1.2178164e+02
1.2175810e+02
1.2183083e+02
1.2188541e+02
1.2189757e+02
1.2186979e+02
1.2183565e+02
1.2183507e+02
1.2186709e+02
1.2189642e+02
1.2187674e+02
1.2187596e+02
1.2188503e+02
1.2190220e+02
1.2196027e+02
1.2196431e+02
1.2193345e+02
1.2176852e+02
1.2173148e+02
1.2166126e+02
1.2159992e+02
1.2156867e+02
1.2159240e+02
1.2161613e+02
1.2152739e+02
1.2141281e+02
1.2135339e+02
1.2136073e+02
1.2143981e+02
1.2142033e+02
1.2136053e+02
1.2131597e+02
1.2131616e+02
1.2132870e+02
1.2135243e+02
1.2137269e+02
1.2139333e+02
1.2143557e+02
1.2142496e+02
1.2142207e+02
1.2141589e+02
1.2150540e+02
1.2197646e+02
1.2201485e+02
1.2200193e+02
1.2196239e+02
1.2197261e+02
1.2207504e+02
1.2213117e+02
1.2208893e+02
1.2205035e+02
1.2203839e+02
1.2208160e+02
1.2209934e+02
1.2213406e+02
1.2212114e+02
1.2208989e+02
1.2213310e+02
1.2217226e+02
1.2214159e+02
1.2214642e+02
1.2215606e+02
1.2213927e+02
1.2213117e+02
1.2210532e+02
1.2207542e+02
1.2211999e+02
1.2182156e+02
1.2176640e+02
1.2171316e+02
1.2173824e+02
1.2178819e+02
1.2183719e+02
1.2178318e+02
1.2171547e+02
1.2168519e+02
1.2165355e+02
1.2163329e+02
1.2157079e+02
1.2146836e+02
1.2146431e+02
1.2145776e+02
1.2141011e+02
1.2134568e+02
1.2126099e+02
1.2119464e+02
1.2123843e+02
1.2123804e+02
1.2117882e+02
1.2112905e+02
1.2112558e+02
1.2111053e+02
1.4023399e+02
1.4015567e+02
1.4009143e+02
1.4008411e+02
1.4006906e+02
1.4002565e+02
1.3992902e+02
1.3992786e+02
1.3998360e+02
1.3998900e+02
1.3986516e+02
1.3973862e+02
1.3975462e+02
1.3985417e+02
1.3985783e+02
1.3975058e+02
1.3967091e+02
1.3967862e+02
1.3971393e+02
1.3971393e+02
1.3964603e+02
1.3957697e+02
1.3958199e+02
1.3960185e+02
1.3955440e+02
1.3948534e+02
1.3948746e+02
1.3945544e+02
1.3943712e+02
1.3942496e+02
1.3937366e+02
1.3931636e+02
1.3931134e+02
1.3934143e+02
1.3931384e+02
1.3926370e+02
1.3923553e+02
1.3922743e+02
1.3922319e+02
1.3919020e+02
1.3918634e+02
1.3922145e+02
1.3923842e+02
1.3925444e+02
1.3927237e+02
1.3929283e+02
1.3930150e+02
1.3931578e+02
1.3932870e+02
1.3926176e+02
1.2020486e+02
1.2013291e+02
1.2011921e+02
1.2015104e+02
1.2012500e+02
1.2004012e+02
1.1998283e+02
1.2001138e+02
1.2009066e+02
1.2010031e+02
1.2002797e+02
1.1990760e+02
1.1997106e+02
1.2003395e+02
1.2006269e+02
1.2005652e+02
1.2004243e+02
1.2004128e+02
1.2001176e+02
1.1995293e+02
1.1995602e+02
1.2000617e+02
1.2005209e+02
1.2003376e+02
1.1995988e+02
1.3845911e+02
1.3844270e+02
1.3846007e+02
1.3844310e+02
1.3837250e+02
1.3832755e+02
1.3830092e+02
1.3827219e+02
1.3824326e+02
1.3820891e+02
1.3815529e+02
1.3810435e+02
1.3805884e+02
1.3803241e+02
1.3795949e+02
1.3791223e+02
1.3789545e+02
1.3789410e+02
1.3783063e+02
1.3776331e+02
1.3774055e+02
1.3773148e+02
1.3770370e+02
1.3770872e+02
1.3772453e+02
1.3772665e+02
1.3773148e+02
1.3773882e+02
1.3773669e+02
1.3773245e+02
1.3771219e+02
1.3769926e+02
1.3767130e+02
1.3767458e+02
1.3771277e+02
1.3771817e+02
1.3770178e+02
1.3764082e+02
1.3762268e+02
1.3760803e+02
1.3754842e+02
1.3746913e+02
1.3742149e+02
1.3738118e+02
1.3727315e+02
1.3717690e+02
1.3714969e+02
1.3720081e+02
1.3718518e+02
1.3708893e+02
1.1860301e+02
1.1853819e+02
1.1853684e+02
1.1856694e+02
1.1857041e+02
1.1854996e+02
1.1853279e+02
1.1849344e+02
1.1842458e+02
1.1840104e+02
1.1841531e+02
1.1844965e+02
1.1843191e+02
1.1833758e+02
1.1824479e+02
1.1826562e+02
1.1836092e+02
1.1833681e+02
1.1830536e+02
1.1826292e+02
1.1821875e+02
1.1820332e+02
1.1818576e+02
1.1814642e+02
1.1813406e+02
1.3617535e+02
1.3614777e+02
1.3610783e+02
1.3608565e+02
1.3608913e+02
1.3609317e+02
1.3607870e+02
1.3609241e+02
1.3611053e+02
1.3611034e+02
1.3613174e+02
1.3616975e+02
1.3613985e+02
1.3610069e+02
1.3608931e+02
1.3610301e+02
1.3612018e+02
1.3612944e+02
1.3610205e+02
1.3609587e+02
1.3605305e+02
1.3603067e+02
1.3600424e+02
1.3598341e+02
1.3589507e+02
1.3586324e+02
1.3584973e+02
1.3574596e+02
1.3562096e+02
1.3563676e+02
1.3574826e+02
1.3576273e+02
1.3566705e+02
1.3552721e+02
1.3550366e+02
1.3554900e+02
1.3554996e+02
1.3549402e+02
1.3541743e+02
1.3540779e+02
1.3539719e+02
1.3533025e+02
1.3525386e+02
1.3525868e+02
1.3529321e+02
1.3525848e+02
1.3514236e+02
1.3508527e+02
1.3511594e+02
1.3513194e+02
1.1690066e+02
1.1685976e+02
1.1682214e+02
1.1680903e+02
1.1678839e+02
1.1680671e+02
1.1675174e+02
1.1672106e+02
1.1678048e+02
1.1679263e+02
1.1676910e+02
1.1671875e+02
1.1670100e+02
1.1671682e+02
1.1671624e+02
1.1660358e+02
1.1649402e+02
1.1645776e+02
1.1644560e+02
1.1643364e+02
1.1633083e+02
1.1619541e+02
1.1610783e+02
1.1609934e+02
1.1612249e+02
1.3493808e+02
1.3490065e+02
1.3491165e+02
1.3493076e+02
1.3487578e+02
1.3480576e+02
1.3476273e+02
1.3471855e+02
1.3466397e+02
1.3459761e+02
1.3446585e+02
1.3435397e+02
1.3436922e+02
1.3444098e+02
1.3442033e+02
1.3424596e+02
1.3410359e+02
1.3410455e+02
1.3419290e+02
1.3417149e+02
1.3403665e+02
1.3398167e+02
1.3402353e+02
1.3402451e+02
1.3392458e+02
1.3380420e+02
1.3377565e+02
1.3376852e+02
1.3369830e+02
1.3358044e+02
1.3349866e+02
1.3350752e+02
1.3352777e+02
1.3347917e+02
1.3339024e+02
1.3332812e+02
1.3329185e+02
1.3324634e+02
1.3319424e+02
1.3310165e+02
1.3302547e+02
1.3301659e+02
1.3298515e+02
1.3291029e+02
1.3278685e+02
1.3274884e+02
1.3279147e+02
1.3278029e+02
1.3268770e+02
1.3264545e+02
1.3268808e+02
1.3278685e+02
1.3279553e+02
1.3272395e+02
1.3261612e+02
1.3259143e+02
1.3264565e+02
1.3268904e+02
1.3259723e+02
1.3245447e+02
1.3240759e+02
1.3244850e+02
1.3237462e+02
1.3225674e+02
1.3216647e+02
1.3216415e+02
1.3212076e+02
1.3201833e+02
1.3187982e+02
1.3178645e+02
1.3183469e+02
1.3191898e+02
1.3187134e+02
1.3173148e+02
1.3161478e+02
1.1343576e+02
1.1355575e+02
1.1363040e+02
1.1357272e+02
1.1350694e+02
1.1350405e+02
1.1354243e+02
1.1359568e+02
1.1362770e+02
1.1366531e+02
1.1366956e+02
1.1368171e+02
1.1371991e+02
1.1377585e+02
1.1386594e+02
1.1392091e+02
1.1404031e+02
1.1405556e+02
1.1405864e+02
1.1409529e+02
1.1414969e+02
1.1412770e+02
1.1411246e+02
1.1411478e+02
1.1417014e+02
1.1418094e+02
1.1422376e+02
1.1419502e+02
1.1419232e+02
1.1421971e+02
1.1424923e+02
1.1430479e+02
1.1424441e+02
1.1422801e+02
1.1428395e+02
1.1426215e+02
1.1419097e+02
1.1410706e+02
1.1406886e+02
1.1408623e+02
1.1413734e+02
1.1410243e+02
1.1401505e+02
1.1393750e+02
1.1395351e+02
1.1400559e+02
1.1403491e+02
1.1402951e+02
1.1400636e+02
1.1396412e+02
1.3248515e+02
1.3235687e+02
1.3226871e+02
1.3232716e+02
1.3242245e+02
1.3237404e+02
1.3223920e+02
1.3216069e+02
1.3222647e+02
1.3231616e+02
1.3229514e+02
1.3222415e+02
1.3226003e+02
1.3235417e+02
1.3235435e+02
1.3229861e+02
1.3230228e+02
1.3236478e+02
1.3244020e+02
1.3245563e+02
1.3246547e+02
1.3249866e+02
1.3256694e+02
1.3265393e+02
1.3269868e+02
1.1490548e+02
1.1491165e+02
1.1492998e+02
1.1499364e+02
1.1503183e+02
1.1501717e+02
1.1503067e+02
1.1507041e+02
1.1514371e+02
1.1518769e+02
1.1518673e+02
1.1517728e+02
1.1518191e+02
1.1519136e+02
1.1517245e+02
1.1515220e+02
1.1517091e+02
1.1520081e+02
1.1520660e+02
1.1513696e+02
1.1505112e+02
1.1506809e+02
1.1515451e+02
1.1519059e+02
1.1518499e+02
1.1490991e+02
1.1490471e+02
1.1493827e+02
1.1501157e+02
1.1504070e+02
1.1508102e+02
1.1510841e+02
1.1512674e+02
1.1516088e+02
1.1516608e+02
1.1524923e+02
1.1532928e+02
1.1538136e+02
1.1537751e+02
1.1538715e+02
1.1542863e+02
1.1555729e+02
1.1565008e+02
1.1563001e+02
1.1562269e+02
1.1565567e+02
1.1573631e+02
1.1583449e+02
1.1590066e+02
1.1592902e+02
1.3421161e+02
1.3426852e+02
1.3434915e+02
1.3440413e+02
1.3446065e+02
1.3449152e+02
1.3454417e+02
1.3460435e+02
1.3463252e+02
1.3459877e+02
1.3460764e+02
1.3467149e+02
1.3468422e+02
1.3463118e+02
1.3463715e+02
1.3470158e+02
1.3480402e+02
1.3491011e+02
1.3494868e+02
1.3496355e+02
1.3502431e+02
1.3515721e+02
1.3524170e+02
1.3524634e+02
1.3528029e+02
1.1670641e+02
1.1669367e+02
1.1666898e+02
1.1665394e+02
1.1671663e+02
1.1679514e+02
1.1679282e+02
1.1676968e+02
1.1675444e+02
1.1681616e+02
1.1692805e+02
1.1701929e+02
1.1701080e+02
1.1703800e+02
1.1706443e+02
1.1707098e+02
1.1710416e+02
1.1714005e+02
1.1723225e+02
1.1734857e+02
1.1741917e+02
1.1743171e+02
1.1745757e+02
1.1758854e+02
1.1774017e+02
1.3635417e+02
1.3632368e+02
1.3632368e+02
1.3637192e+02
1.3644154e+02
1.3650038e+02
1.3649170e+02
1.3649112e+02
1.3656404e+02
1.3660263e+02
1.3658893e+02
1.3656828e+02
1.3662268e+02
1.3672183e+02
1.3675174e+02
1.3672087e+02
1.3670641e+02
1.3674498e+02
1.3681038e+02
1.3686400e+02
1.3685147e+02
1.3681578e+02
1.3683507e+02
1.3689931e+02
1.3696875e+02
1.3695737e+02
1.3696605e+02
1.3703781e+02
1.3710359e+02
1.3714371e+02
1.3715143e+02
1.3720158e+02
1.3726292e+02
1.3732022e+02
1.3734453e+02
1.3734665e+02
1.3735205e+02
1.3743036e+02
1.3751350e+02
1.3753627e+02
1.3751967e+02
1.3754996e+02
1.3761400e+02
1.3761612e+02
1.3753415e+02
1.3752257e+02
1.3755788e+02
1.3754803e+02
1.3750058e+02
1.3745930e+02
1.1880440e+02
1.1889217e+02
1.1900328e+02
1.1900810e+02
1.1889950e+02
1.1890162e+02
1.1901157e+02
1.1912056e+02
1.1915760e+02
1.1911227e+02
1.1907793e+02
1.1905228e+02
1.1907484e+02
1.1910127e+02
1.1907735e+02
1.1905402e+02
1.1906751e+02
1.1902219e+02
1.1898380e+02
1.1895930e+02
1.1900019e+02
1.1904765e+02
1.1908121e+02
1.1901620e+02
1.1894984e+02
1.3738618e+02
1.3736382e+02
1.3734509e+02
1.3734915e+02
1.3732832e+02
1.3728955e+02
1.3728125e+02
1.3728163e+02
1.3729089e+02
1.3730420e+02
1.3736652e+02
1.3739429e+02
1.3741281e+02
1.3743248e+02
1.3747878e+02
1.3748920e+02
1.3747223e+02
1.3749152e+02
1.3751640e+02
1.3753259e+02
1.3760339e+02
1.3765471e+02
1.3765317e+02
1.3762962e+02
1.3764487e+02
1.1831250e+02
1.1843789e+02
1.1843557e+02
1.1846586e+02
1.1848013e+02
1.1846991e+02
1.1845061e+02
1.1845139e+02
1.1852662e+02
1.1859992e+02
1.1861632e+02
1.1851254e+02
1.1836902e+02
1.1834587e+02
1.1844386e+02
1.1847319e+02
1.1846296e+02
1.1845119e+02
1.1843422e+02
1.1844020e+02
1.1854475e+02
1.1859780e+02
1.1863792e+02
1.1865336e+02
1.1863850e+02
1.1877122e+02
1.1879224e+02
1.1885513e+02
1.1896374e+02
1.1903896e+02
1.1905787e+02
1.1898862e+02
1.1896123e+02
1.1898457e+02
1.1903376e+02
1.1902932e+02
1.1897550e+02
1.1895641e+02
1.1900270e+02
1.1903472e+02
1.1902836e+02
1.1898650e+02
1.1896952e+02
1.1897241e+02
1.1897704e+02
1.1890953e+02
1.1886574e+02
1.1885358e+02
1.1880421e+02
1.1875521e+02
1.1868673e+02
1.1861825e+02
1.1864256e+02
1.1866840e+02
1.1863811e+02
1.1858179e+02
1.1855016e+02
1.1854784e+02
1.1863561e+02
1.1877257e+02
1.1878472e+02
1.1880035e+02
1.1878723e+02
1.1880749e+02
1.1889564e+02
1.1896759e+02
1.1906346e+02
1.1917612e+02
1.1923978e+02
1.1919695e+02
1.1915934e+02
1.1923592e+02
