5.8683372e-01
5.4121840e-01
4.5709899e-01
3.6525422e-01
4.5078605e-01
4.3222794e-01
3.9242202e-01
2.4446082e-01
3.0755344e-01
3.9345369e-01
3.1352249e-01
3.2345861e-01
3.7590271e-01
4.4778925e-01
5.0736922e-01
5.3178579e-01
5.5353719e-01
4.7441661e-01
5.4544336e-01
5.9963155e-01
5.1692456e-01
4.6870548e-01
4.5203882e-01
4.8212969e-01
3.5741833e-01
1.3230164e-01
1.9146401e-01
3.8123310e-02
7.4551709e-02
2.0928518e-01
1.7197248e-01
2.6483664e-01
2.3134366e-01
2.3189634e-01
3.1865636e-01
3.7091625e-01
3.0428642e-01
2.0616557e-01
2.0928518e-01
2.5352493e-01
2.5002456e-01
2.0912552e-01
1.6775976e-01
7.9759270e-02
9.4252028e-02
1.8165071e-02
6.4136572e-02
5.1965117e-02
2.8924096e-02
1.0364775e-01
4.2194793e-01
4.1701058e-01
4.0325472e-01
5.2062148e-01
4.9156228e-01
4.3510193e-01
3.9234832e-01
4.4771555e-01
4.5778680e-01
4.9643824e-01
4.3508965e-01
3.7425694e-01
2.8157702e-01
2.8991649e-01
3.2176369e-01
3.3297715e-01
2.8434047e-01
2.9850161e-01
3.7065831e-01
4.5395482e-01
5.4164827e-01
4.7085482e-01
5.4621714e-01
5.8081555e-01
6.4403093e-01
4.2737657e-01
4.5989928e-01
3.4917709e-01
4.2221811e-01
3.1904939e-01
3.1615081e-01
2.6304349e-01
2.4622943e-01
1.6584377e-01
2.4387129e-01
1.2262344e-01
2.9069024e-01
3.9758044e-01
3.8813558e-01
4.8080325e-01
3.9678213e-01
4.4209039e-01
3.7419552e-01
3.8307542e-01
4.5566201e-01
4.0734464e-01
3.4417835e-01
3.1304348e-01
3.3721444e-01
3.0456892e-01
-5.6005893e-03
5.9555393e-02
-7.5816751e-02
-1.1107836e-01
-9.6536480e-02
-4.8599854e-02
5.8806188e-02
-2.3237534e-02
7.8690737e-02
4.8501596e-02
1.4463277e-01
6.8287891e-03
-9.5910095e-02
8.3763205e-02
9.8305084e-02
1.3633014e-02
-1.1376812e-01
-8.2387619e-02
-5.4765414e-02
-1.4818226e-01
-1.2027758e-01
-2.8018916e-01
-1.3549496e-01
-2.0024563e-01
-5.4949645e-02
2.6830018e-01
2.7122328e-01
3.2957503e-01
3.1535250e-01
4.1645786e-01
2.9077622e-01
2.7713093e-01
2.8763202e-01
3.3155245e-01
2.2881356e-01
1.4156227e-01
8.2313925e-02
1.7227954e-01
1.5147384e-01
7.2402358e-02
8.8909358e-02
1.1965119e-01
1.7640629e-01
2.7973470e-01
1.9389585e-01
1.7372881e-01
1.9645050e-01
1.4657332e-01
2.2418325e-01
1.4185704e-01
-3.6696145e-01
-4.2340949e-01
-3.1332597e-01
-4.4879636e-01
-4.9936134e-01
-4.2148122e-01
-4.9087447e-01
-5.8386147e-01
-6.2690985e-01
-5.4654878e-01
-4.7157946e-01
-4.7428149e-01
-3.6857039e-01
-3.1763694e-01
-3.4602064e-01
-3.8642839e-01
-5.1577008e-01
-4.1525424e-01
-3.7573078e-01
-2.6274872e-01
-3.0243182e-01
-3.9611888e-01
-4.1907394e-01
-4.2928028e-01
-3.8617048e-01
-1.7636944e-02
-1.1053795e-03
9.3895845e-02
1.6095553e-01
2.8683370e-01
2.5265291e-01
2.9061654e-01
2.6974943e-01
1.3952346e-01
2.3475805e-01
1.8863915e-01
1.0378285e-01
1.2149349e-01
1.7775731e-01
2.1339965e-01
4.7101449e-02
3.8590029e-02
9.9471875e-02
8.0975190e-02
-6.5671824e-02
-1.4222550e-02
2.7499385e-02
1.2979612e-01
1.8760747e-01
1.9739622e-01
3.4039548e-01
3.3906904e-01
3.5940802e-01
3.9598379e-01
3.3855319e-01
2.9080078e-01
2.1256448e-01
2.1923360e-01
2.8940064e-01
1.9826823e-01
1.9965610e-01
1.4276591e-01
1.9836649e-01
1.2005650e-01
2.1161877e-01
9.4743304e-02
9.8882340e-02
2.0201425e-01
1.9490297e-01
3.0313191e-01
2.9043233e-01
3.6321542e-01
3.4947187e-01
3.4598377e-01
2.9014984e-01
2.1473840e-01
1.5203881e-01
1.9982805e-02
1.3995333e-01
8.5372142e-02
2.9869812e-02
-6.1115205e-02
3.6870547e-02
-3.4573816e-02
-1.9872267e-02
4.4632770e-02
1.3645296e-02
1.0847457e-01
1.7974699e-01
1.2746254e-01
1.4368705e-01
1.9770327e-01
1.6046426e-01
1.4379759e-01
2.8653894e-02
1.0120364e-02
5.4814544e-02
2.8604764e-02
2.8518792e-02
-8.0569880e-03
-7.0461802e-02
-7.6664209e-02
-1.8259642e-01
-8.6207323e-02
-8.6477526e-02
-8.1306808e-03
-9.6131168e-02
1.5966592e-02
1.4212725e-01
1.6890199e-01
2.6234340e-02
-3.9019898e-02
5.1412430e-02
1.1310489e-01
9.3502827e-02
6.2269713e-03
-8.7681159e-02
-6.3669860e-02
-9.7654141e-02
-1.4917710e-01
-2.0488824e-01
-2.0459346e-01
-1.8731269e-01
-2.3949889e-02
-1.3154016e-02
-1.7819946e-01
-1.6456644e-01
-1.1267502e-01
-6.2797837e-02
-1.1269958e-01
-1.4675756e-01
-1.1919676e-01
-6.1360843e-02
-6.7661509e-02
-1.0515844e-01
-5.0724637e-02
-2.1400148e-01
-1.4861214e-01
-2.7740112e-01
-2.4977893e-01
-2.6796857e-01
-2.5685334e-01
-1.9313437e-01
-1.5103169e-01
-1.4696635e-01
-1.4533284e-01
1.4382215e-02
-4.8341930e-02
-3.3112258e-02
-1.1218374e-01
-4.0997297e-02
-1.3871285e-01
-1.0854827e-01
-1.0730778e-01
-1.4295013e-01
-2.0367232e-01
-2.3714074e-01
-2.3065586e-01
-1.9212724e-01
-2.7361828e-01
-2.3631786e-01
-1.9035864e-01
-2.1090642e-01
-1.1323999e-01
-3.5875708e-02
-5.6435764e-02
-1.0639892e-01
-7.8395970e-02
-6.5340213e-02
-8.2670107e-02
-5.4839104e-02
-1.3091378e-01
-2.5805700e-01
-1.7710637e-01
-1.2047409e-01
-2.6874232e-01
-3.1655613e-01
-2.8628102e-01
-2.8092605e-01
-3.1206092e-01
-2.8791451e-01
-3.2607466e-01
-2.2871530e-01
-1.0965364e-01
-9.5455661e-02
-2.1295750e-01
-2.1720707e-01
-1.2778187e-01
-1.9059199e-01
-1.6816507e-01
-2.0223533e-01
-2.7333578e-01
-2.8177351e-01
-2.7527633e-01
-2.7462539e-01
-3.8973224e-01
-4.0401623e-01
-4.3602309e-01
-4.0541637e-01
-3.9087448e-01
-2.2950135e-01
-2.7326208e-01
-2.0903955e-01
-1.5020880e-01
-6.4480469e-02
-1.0471629e-01
-2.1464014e-01
-1.8399656e-01
-5.9653647e-02
-1.3122083e-01
-2.8286663e-01
-1.9985262e-01
-2.1142225e-01
-2.3773029e-01
-2.0040530e-01
-2.8033653e-01
-3.7700811e-01
-3.3617046e-01
-2.8274381e-01
-2.3465979e-01
-1.6351019e-01
-2.4503808e-01
-8.0201425e-02
-1.8364039e-01
-1.6875461e-01
-2.9409236e-01
-2.6121345e-01
-3.4882092e-01
-3.2758537e-01
-3.4519774e-01
-3.8093835e-01
-4.1771063e-01
-4.4797346e-01
-4.6203634e-01
-4.8424220e-01
-4.5628837e-01
-5.2469909e-01
-6.3176125e-01
-4.9102187e-01
-4.0506017e-01
-3.8577744e-01
-4.2437977e-01
-4.0295997e-01
-4.3716532e-01
-3.5576025e-01
-2.9899287e-01
-3.5181773e-01
-4.7689757e-01
-3.6608940e-01
-3.8177353e-01
-1.7606239e-01
-2.0381971e-01
-3.7076885e-01
-3.1947926e-01
-2.3850405e-01
-3.9314663e-01
-3.0246869e-01
-2.9561532e-01
-2.5237042e-01
-1.4829281e-01
-1.1822648e-01
-9.1807909e-02
-1.5868338e-02
1.6433308e-02
7.8543358e-02
-1.6335053e-03
-9.5455661e-02
-1.0391796e-01
-1.0934660e-01
-5.7123557e-02
-1.2563252e-01
-1.3333334e-01
-2.2909604e-01
-1.7402358e-01
-1.8612134e-01
-2.1112749e-01
-3.2851878e-01
-2.9012528e-01
-2.0502333e-01
-6.4627856e-02
-8.9240976e-02
-9.7273394e-02
-7.5411447e-03
5.3819701e-02
9.0346351e-02
1.1374355e-01
7.4920165e-03
8.7926798e-02
6.7354456e-02
5.1117662e-02
1.1815279e-02
-1.3791452e-01
-7.8690737e-02
-2.6860721e-02
-1.2112503e-01
-1.0800786e-01
-1.7394988e-01
-1.3306312e-01
-8.1343651e-02
-6.8103664e-02
7.8727584e-03
7.4342914e-02
1.4382216e-01
1.7786784e-01
2.5889218e-01
1.4943503e-01
9.5185459e-02
1.2880127e-01
1.0938344e-01
1.3590027e-01
1.2855564e-01
1.0912552e-01
3.5703760e-02
1.6236797e-02
3.7521493e-02
-5.7344634e-02
-7.5546548e-02
-1.1682633e-01
-8.7214440e-02
-6.2650457e-02
8.0287397e-02
1.9712601e-02
7.9157457e-02
1.7024073e-01
3.0374601e-01
1.0744289e-01
6.2920660e-02
3.3996560e-02
4.2815033e-02
1.1402604e-01
7.3962174e-02
-1.1594203e-02
-7.1444362e-02
-1.1833702e-01
-1.3690740e-01
-1.2474822e-01
-1.4023581e-01
-1.8150331e-01
-7.5829037e-02
-8.9560308e-02
-5.9825595e-02
3.6956523e-02
-1.7403586e-02
1.7268484e-02
8.1134856e-02
1.6917220e-01
-5.3217884e-02
-2.1579465e-02
4.6290837e-02
1.3609678e-01
4.6462785e-02
-1.3577744e-01
-1.4243428e-01
-2.1703513e-01
-1.1028003e-01
-1.7071973e-01
-2.3816016e-01
-1.8469663e-01
-1.7457627e-01
-1.1449275e-01
-4.7801524e-02
-1.0610415e-01
4.7162860e-03
1.0638664e-01
9.9115700e-02
7.1481206e-02
2.6664210e-02
-2.5829034e-02
-4.4706459e-03
-7.1075901e-02
-1.0491280e-01
-1.5502334e-01
-3.2056008e-02
-1.4336772e-01
-1.2078114e-01
-1.3264555e-02
-1.6809137e-01
-1.1179072e-01
-1.8267010e-01
6.2146895e-03
-2.9108326e-03
1.7501842e-02
1.9663474e-02
3.6526650e-02
1.7784327e-02
1.0063867e-01
7.1972487e-03
-8.4008845e-03
4.1660525e-02
6.5659545e-02
2.1825105e-02
-2.2819946e-02
-2.1984770e-03
-1.1432081e-01
-1.2139524e-01
-1.2291820e-01
-2.0555146e-01
-1.7095308e-01
-1.6638418e-01
-1.2763448e-01
-2.2466224e-01
-2.4719970e-01
-1.9338000e-01
-1.4212725e-01
2.0793417e-02
-3.6858264e-02
-1.2951364e-01
-6.1053794e-02
-6.9749445e-02
-7.9525918e-02
-5.2530091e-02
-7.8703023e-02
-2.2026528e-01
-1.9866127e-01
-1.6274871e-01
-1.0083517e-01
-2.8162614e-01
-2.9969296e-01
-3.5035619e-01
-2.6468927e-01
-1.9516090e-01
-1.8058217e-01
-1.2313928e-01
-1.3154016e-02
2.3900762e-02
4.0825348e-02
-4.5050357e-02
-2.0397937e-01
-6.8877429e-02
-1.2159174e-03
-1.9491525e-02
-1.0157210e-01
-2.1009579e-01
-1.1402604e-01
-3.1295750e-01
-4.3803734e-01
-3.6591747e-01
-4.9116924e-01
-5.1900023e-01
-4.1009581e-01
-2.9215181e-01
-4.7772047e-01
-2.9759273e-01
-2.3091377e-01
-2.2229183e-01
-1.1212233e-01
-1.7736429e-01
-5.8953576e-02
-5.3623188e-02
-8.3812334e-02
7.7226728e-01
7.5712353e-01
7.9906654e-01
7.6680177e-01
7.0240730e-01
7.7971017e-01
6.8415624e-01
7.4554163e-01
7.5728321e-01
8.0612874e-01
9.3901992e-01
9.4579953e-01
1.0620610e+00
1.0136698e+00
1.2321543e+00
1.2252764e+00
1.2673668e+00
1.2692950e+00
1.3576026e+00
1.4825104e+00
1.3509948e+00
1.3673422e+00
1.3169369e+00
1.1826701e+00
1.3294523e+00
8.7655365e-01
7.8667402e-01
7.7363056e-01
7.9619259e-01
7.6299435e-01
7.0356178e-01
8.7180054e-01
8.7893635e-01
1.0395480e+00
9.4059199e-01
8.9017439e-01
8.7254971e-01
7.6084501e-01
8.5127735e-01
8.6411202e-01
8.1514370e-01
7.4918938e-01
6.7788011e-01
7.1696144e-01
7.1556127e-01
8.3747238e-01
7.0536721e-01
7.2736430e-01
8.6732990e-01
7.7094078e-01
1.2550971e-01
7.8469664e-02
2.3637927e-01
2.1438222e-01
2.7367967e-01
3.3418080e-01
3.3142963e-01
2.6604030e-01
2.2401130e-01
3.1493491e-01
2.7457628e-01
2.4788749e-01
1.4726111e-01
1.9556621e-01
2.2028986e-01
1.2553427e-01
6.1164334e-02
7.2930485e-02
3.8467206e-02
1.6653156e-01
2.4387129e-01
2.2667649e-01
2.2071972e-01
2.7528864e-01
3.4518546e-01
2.9172194e-01
2.5186688e-01
3.4711373e-01
2.0318104e-01
3.4715056e-01
2.5281256e-01
2.3956031e-01
2.0422500e-01
1.9135347e-01
1.9597150e-01
1.0900270e-01
8.6354703e-02
9.4608203e-02
1.0442152e-01
2.5802013e-01
2.5718495e-01
2.4330631e-01
2.3563007e-01
4.0196511e-01
3.5901499e-01
2.8323507e-01
2.6740357e-01
2.5329158e-01
2.2307786e-01
3.2853109e-01
2.3652665e-01
1.3378777e-01
1.4335544e-01
9.3785308e-02
1.4396954e-01
1.0549005e-01
-8.1552444e-03
4.0211249e-02
1.7958732e-01
1.6644560e-01
1.3316138e-01
2.5124049e-01
2.8630558e-01
3.1843528e-01
2.7053550e-01
2.4678212e-01
2.2566937e-01
2.2619750e-01
1.9182019e-01
2.9500124e-01
1.8152788e-01
5.5870794e-02
2.9169736e-02
6.3043475e-02
1.5917465e-02
1.3922869e-01
5.4003932e-02
1.1235569e-01
1.9669615e-01
2.8312454e-01
2.8569147e-01
1.7882584e-01
2.7478507e-01
3.0067551e-01
3.8605994e-01
3.4781381e-01
2.5891674e-01
3.0895358e-01
3.8366494e-01
3.2915744e-01
1.9986489e-01
1.0822894e-01
6.1520509e-02
6.6003442e-02
1.6048883e-01
2.4339229e-01
1.4174651e-01
2.3361582e-01
2.4389584e-01
2.9948416e-01
3.5027021e-01
3.5814297e-01
4.5573568e-01
3.3214197e-01
4.2316383e-01
3.5560060e-01
3.0334070e-01
3.3501595e-01
3.0986243e-01
2.7995577e-01
3.5788503e-01
3.5208794e-01
2.8734955e-01
2.8222796e-01
1.6573323e-01
-1.4971752e-02
3.9965611e-02
7.1690001e-02
2.0187914e-01
3.8095063e-01
3.3334562e-01
2.6211005e-01
4.1649473e-01
4.0589535e-01
3.6631048e-01
4.4516090e-01
4.3540898e-01
4.3917957e-01
4.0895358e-01
3.9738393e-01
3.4887007e-01
2.7754852e-01
3.8395971e-01
4.7598869e-01
4.2277083e-01
4.5173177e-01
5.9647506e-01
5.9404325e-01
6.6858268e-01
6.2044954e-01
5.8187175e-01
5.7768363e-01
5.5578482e-01
6.6403830e-01
5.6336284e-01
4.3368950e-01
3.7591502e-01
3.8230166e-01
3.5056499e-01
4.0173176e-01
5.1145911e-01
4.1795626e-01
4.5754114e-01
4.8779169e-01
4.7472367e-01
5.4250801e-01
5.4215181e-01
5.8629328e-01
7.1871775e-01
7.0604277e-01
6.8987966e-01
7.3999017e-01
6.8630558e-01
7.0859742e-01
7.7455169e-01
6.2322527e-01
5.5347580e-01
5.5900270e-01
6.6072220e-01
5.2655369e-01
4.9815771e-01
3.9680669e-01
4.5545322e-01
4.8710391e-01
5.2975929e-01
1.1851143e+00
1.2206583e+00
1.2648735e+00
1.4251044e+00
1.3781503e+00
1.1991280e+00
1.1893147e+00
1.3157946e+00
1.3198723e+00
1.3256203e+00
1.3006878e+00
1.1826456e+00
1.2041267e+00
1.1587325e+00
1.1647507e+00
1.0911938e+00
1.0552322e+00
1.0585114e+00
1.0347335e+00
1.0781749e+00
1.0528740e+00
1.0789855e+00
1.1634856e+00
1.2336404e+00
1.2299681e+00
1.1781749e+00
1.1169860e+00
1.0565218e+00
1.1211988e+00
1.0860599e+00
1.1206460e+00
1.0829035e+00
1.0860845e+00
1.0934906e+00
1.0710022e+00
9.5507246e-01
1.0777696e+00
9.2114961e-01
1.1365021e+00
1.0706215e+00
1.1147629e+00
1.1493491e+00
1.3568288e+00
1.2418939e+00
1.3070867e+00
1.2362319e+00
1.1831368e+00
1.2748096e+00
1.3342299e+00
1.3230164e+00
4.0836403e-01
4.1228199e-01
5.5157208e-01
4.7359371e-01
2.7797839e-01
1.7854336e-01
2.0653403e-01
1.7923115e-01
2.3231393e-01
3.3376321e-01
4.5014739e-01
4.7983298e-01
5.6788260e-01
5.1111519e-01
5.3758287e-01
3.2290593e-01
3.1287152e-01
3.9259395e-01
3.2444116e-01
2.7824858e-01
2.2536232e-01
3.0128962e-01
1.9986489e-01
1.8282977e-01
1.1035372e-01
-5.7381477e-02
-1.9479243e-02
-6.2453944e-02
-7.7278309e-02
-4.4055514e-02
6.3497908e-02
5.7455171e-02
1.6282240e-01
1.8394743e-01
2.0420045e-01
1.4920168e-01
1.4435028e-01
2.8138050e-01
1.5687792e-01
8.2964875e-02
1.0894129e-01
2.9882092e-02
8.9855075e-02
-2.2107591e-03
-1.4124294e-03
-3.4659788e-02
9.5308281e-02
9.3072958e-02
1.9163597e-01
1.4374846e-01
4.3091378e-01
5.1769835e-01
5.3953576e-01
4.3158928e-01
4.3034881e-01
3.3683372e-01
4.0576026e-01
3.6209777e-01
2.7840826e-01
9.5922381e-02
7.4207813e-02
1.3319823e-01
7.7278309e-02
-9.8808646e-02
-2.0589536e-01
-2.0454434e-01
-1.0701302e-01
1.3215426e-02
-5.1633507e-02
-5.5011053e-02
5.5404078e-02
4.5541637e-02
1.5873250e-01
1.7342176e-02
2.1702284e-02
3.6176616e-01
3.9334315e-01
3.8151559e-01
3.4755588e-01
3.2957503e-01
3.3044708e-01
3.6666667e-01
3.0671826e-01
3.3986735e-01
4.1062394e-01
4.8075411e-01
4.8010316e-01
5.1836157e-01
4.0340212e-01
3.4003931e-01
3.4615573e-01
4.5200196e-01
3.5983789e-01
3.3915499e-01
3.0810612e-01
3.5707444e-01
3.8652664e-01
3.3617046e-01
2.5567427e-01
2.0316875e-01
-3.4964383e-01
-3.0585852e-01
-3.2101449e-01
-3.9986491e-01
-3.8208058e-01
-2.9837877e-01
-3.0154753e-01
-4.2127243e-01
-3.5794646e-01
-5.1109064e-01
-5.2360600e-01
-4.2283222e-01
-4.6127486e-01
-5.2128470e-01
-5.3915501e-01
-5.1267505e-01
-6.3908130e-01
-6.0159665e-01
-7.1444362e-01
-6.4018667e-01
-6.1143452e-01
-5.2460086e-01
-6.0762709e-01
-5.4398185e-01
-4.2659053e-01
-5.5464262e-01
-5.9454679e-01
-5.2627116e-01
-4.4971752e-01
-5.3658807e-01
-4.9100959e-01
-5.6104153e-01
-6.0369688e-01
-4.6891427e-01
-4.6656841e-01
-5.1505774e-01
-4.6645787e-01
-5.5957997e-01
-5.7189882e-01
-5.6913537e-01
-5.4448539e-01
-5.0248098e-01
-4.5347580e-01
-4.7444117e-01
-5.1780891e-01
-4.6068534e-01
-4.8488086e-01
-5.1699829e-01
-6.5391797e-01
-6.0200197e-01
-5.3043479e-01
-5.2899778e-01
-5.1831245e-01
-5.7397443e-01
-5.1935643e-01
-4.2986980e-01
-5.8394742e-01
-6.5549004e-01
-6.3262099e-01
-5.8394742e-01
-6.6154510e-01
-5.9694177e-01
-6.0727096e-01
-5.6659299e-01
-4.5935887e-01
-3.8777941e-01
-4.1436994e-01
-4.2051092e-01
-4.2756081e-01
-4.1664210e-01
-4.6863177e-01
-4.5385656e-01
-4.6405059e-01
-4.8834440e-01
-3.4395725e-01
-3.4695408e-01
-2.1961434e-01
-3.5481453e-01
-3.2133383e-01
-3.7382707e-01
-2.9888234e-01
-3.2472366e-01
-2.6784575e-01
-2.4392040e-02
1.6349791e-01
1.5668140e-01
1.6772293e-01
1.2806436e-01
1.6548760e-01
1.6683862e-01
2.4137804e-01
1.6720708e-01
1.3808647e-01
1.5907639e-01
1.3771801e-01
9.4939820e-02
2.2844509e-03
-8.8540897e-02
-4.2986980e-04
5.7369195e-02
-2.7219355e-01
-2.9842791e-01
-2.0955539e-01
-1.7872758e-01
-1.4023581e-01
-1.0464259e-01
-1.7191108e-01
-1.9950873e-01
-2.3777941e-01
-1.1211005e-01
-1.0122820e-01
-1.4365020e-01
-1.3300171e-01
-2.2988209e-01
-2.1025546e-01
-1.5902726e-01
-2.5504789e-01
-3.0412674e-01
-2.7668878e-01
-2.2348318e-01
-1.5223533e-01
-1.1470155e-01
-5.0061408e-02
-1.7403586e-02
-7.5165808e-02
2.5130188e-01
3.7958732e-01
5.1864409e-01
4.4460821e-01
5.1416117e-01
3.8340703e-01
4.0154752e-01
3.2849422e-01
3.3193320e-01
2.2363056e-01
2.0768853e-02
9.7027756e-03
2.3671088e-01
5.5450749e-01
5.6680179e-01
5.5903953e-01
5.7751167e-01
5.7539916e-01
6.0720950e-01
5.2935398e-01
5.0894129e-01
4.7980839e-01
5.6366986e-01
5.9888232e-01
4.4021124e-01
6.2706953e-01
6.0535496e-01
5.6633508e-01
4.8671088e-01
4.2279539e-01
2.4051830e-01
2.3193319e-01
3.7905920e-01
3.6486122e-01
3.5639891e-01
4.0867108e-01
4.2256203e-01
4.5517072e-01
5.1563495e-01
4.9226233e-01
4.0719724e-01
4.7337264e-01
5.2027756e-01
4.7148120e-01
4.7726601e-01
3.6820191e-01
5.0842547e-01
4.2822403e-01
4.6255219e-01
3.9676982e-01
6.7665195e-01
7.2256202e-01
7.7705723e-01
7.5959224e-01
8.0630064e-01
9.1515601e-01
9.4869810e-01
1.0162245e+00
9.5299679e-01
9.9035865e-01
1.0495455e+00
9.6546304e-01
1.0031073e+00
9.4685578e-01
8.9508718e-01
8.9116925e-01
8.3904445e-01
8.3451241e-01
7.4131662e-01
7.7224267e-01
7.3469663e-01
8.2609922e-01
8.8420534e-01
9.7124785e-01
9.2832226e-01
9.9342912e-01
8.8533533e-01
9.8457384e-01
9.1909850e-01
8.2090396e-01
8.3470893e-01
7.8929013e-01
9.0303367e-01
7.4848932e-01
5.5776221e-01
5.8851635e-01
4.4312209e-01
3.8828298e-01
3.6886513e-01
2.8491771e-01
3.1542617e-01
4.0137559e-01
2.4618030e-01
3.5541636e-01
3.9188161e-01
4.3102431e-01
3.4083763e-01
3.4252027e-01
2.6680177e-01
2.9882094e-01
3.3962172e-01
3.1098011e-01
3.0337754e-01
1.5750431e-01
1.6864407e-01
2.0741832e-01
1.8673545e-01
2.3050848e-01
1.0530582e-01
2.0966592e-01
2.8456154e-01
3.0089658e-01
4.5164579e-01
3.8711619e-01
3.6355934e-01
3.9325717e-01
4.2817488e-01
3.8835666e-01
3.9653647e-01
3.8760746e-01
4.2467454e-01
4.5245638e-01
3.8726357e-01
3.8543355e-01
3.8502824e-01
-2.1136084e-01
-1.8814787e-01
-1.4685582e-01
-1.8570375e-01
-1.0196512e-01
-2.9132891e-02
2.9390814e-02
1.8730043e-02
1.0321788e-01
3.0943257e-01
3.8994104e-01
3.8158929e-01
2.6293293e-01
2.2299190e-01
2.1043970e-01
2.2867845e-01
1.8850406e-01
1.0528126e-01
1.1750184e-01
1.0526898e-01
1.0632522e-01
1.3483174e-01
2.0253008e-02
8.9400642e-02
1.1606485e-01
5.1787031e-01
4.5682880e-01
4.9916482e-01
5.0587082e-01
5.7541144e-01
5.9314662e-01
5.9338003e-01
5.5404079e-01
5.2425694e-01
4.8779169e-01
4.5454434e-01
4.2968559e-01
3.0125275e-01
3.9737165e-01
3.8114715e-01
4.5406535e-01
3.3437729e-01
3.5097027e-01
4.4028494e-01
5.3049618e-01
5.5493736e-01
4.8904446e-01
4.9605748e-01
5.1220828e-01
5.2235323e-01
2.8963399e-01
3.1242937e-01
3.2118645e-01
3.2873988e-01
3.8915500e-01
2.8305084e-01
2.1568410e-01
1.5117908e-01
1.5119135e-01
1.5456890e-01
2.3873740e-01
2.0982559e-01
2.8704250e-01
2.8349301e-01
3.2584131e-01
2.6413658e-01
3.1789488e-01
2.5639892e-01
2.8216654e-01
2.9069024e-01
2.3655121e-01
1.7503071e-01
2.0959224e-01
2.0178089e-01
1.7718005e-01
1.8668632e-03
-4.7162861e-02
3.7091624e-03
-1.2208303e-02
-8.8786542e-02
-7.6013267e-02
-1.5870793e-01
-7.8862689e-02
-8.0152296e-02
2.9489068e-02
4.0063865e-02
2.4686810e-02
1.5087202e-01
5.1768608e-02
7.5350039e-02
1.0439696e-02
-3.1834930e-02
4.5394253e-02
3.4389585e-02
1.6285924e-02
-6.7391306e-02
-9.8194547e-02
-1.2689757e-01
-5.4998770e-02
-1.9462049e-01
3.8197003e-03
3.6661755e-02
1.5418816e-01
1.3833210e-01
3.8104889e-01
3.5131419e-01
3.2392532e-01
2.2372882e-01
2.1272415e-01
1.2008106e-01
5.4065339e-02
-3.4168508e-02
-9.2704497e-02
-2.6282239e-01
-3.9437485e-01
-4.8748463e-01
-6.3440186e-01
-7.7791697e-01
-8.5671824e-01
-8.9077622e-01
-1.1742324e+00
-1.1104397e+00
-9.9044460e-01
-8.4615576e-01
-9.7106361e-01
2.8138050e-01
1.3770573e-01
3.5698846e-01
3.1976172e-01
4.0012282e-01
3.4051830e-01
4.3440187e-01
3.8978139e-01
3.6509457e-01
2.2875215e-01
1.9941047e-01
2.6262590e-01
3.7380251e-01
4.1608942e-01
4.6309260e-01
5.3863913e-01
5.7210761e-01
5.6061167e-01
4.9600837e-01
4.7969785e-01
5.4124296e-01
6.2191105e-01
6.4769101e-01
6.4233601e-01
6.1327684e-01
1.4016213e-01
1.8831982e-01
2.8588799e-01
1.7839597e-01
2.0809384e-01
1.5566200e-01
1.4566445e-01
1.3011545e-01
-2.3335790e-04
-1.0210022e-01
-3.0496193e-02
1.9182019e-01
2.1913534e-01
1.2767133e-01
2.3978138e-01
2.6263818e-01
1.4801031e-01
1.8425448e-01
1.3126996e-01
2.4957012e-02
1.8607222e-02
5.6951609e-02
1.5291084e-02
6.3620731e-03
-2.5386883e-02
2.8162614e-02
1.8346843e-01
1.6422255e-01
9.6008353e-02
1.6491035e-01
2.6053795e-01
2.0229059e-01
1.1382952e-01
7.4729793e-02
9.9398181e-02
1.3541514e-01
1.0977033e-01
9.1801770e-02
8.0809385e-02
7.7259883e-02
1.3378777e-01
6.9270447e-02
-4.8563007e-02
-9.6548758e-02
-7.8150332e-02
-2.0498648e-02
-8.0238268e-02
-1.0554532e-01
-1.1316016e-01
-1.4475559e-01
-2.6872391e-01
-1.6345492e-01
-1.4068411e-01
-8.5077375e-02
-4.9459592e-02
2.9906656e-03
-8.6649470e-02
-1.7279539e-01
-2.5732622e-01
-4.2675632e-01
-3.6922133e-01
-4.6056867e-01
-5.5533653e-01
-4.2170843e-01
-3.8649595e-01
-4.3022600e-01
-4.0814909e-01
-4.1170475e-01
-2.8372636e-01
-1.3510195e-04
1.3866372e-01
8.3701797e-02
1.6758782e-01
9.9428885e-02
1.5974577e-01
2.3370793e-01
1.3753377e-01
7.1800537e-02
-2.4075779e-01
-1.3520020e-01
-5.8965854e-02
7.1112751e-03
9.3036108e-02
2.0092115e-01
2.8742939e-01
3.3409482e-01
3.4355810e-01
2.5613487e-01
3.0711740e-01
3.5261607e-01
3.3715919e-01
3.1868091e-01
3.1264430e-01
2.7861091e-01
2.9144558e-01
2.8663105e-01
1.4596537e-01
2.0985630e-01
2.1271187e-01
2.7154875e-01
3.6725619e-01
3.6998281e-01
3.2466838e-01
2.8668019e-01
3.9936748e-01
4.4489682e-01
4.3784082e-01
4.0099484e-01
3.5420659e-01
3.0853599e-01
3.6423483e-01
5.3232008e-01
5.0382584e-01
4.9577498e-01
5.1739132e-01
3.7959960e-01
2.4131049e-01
3.5001841e-01
3.5875091e-01
4.2313313e-01
3.3816016e-01
3.1144682e-01
3.3545199e-01
3.9902359e-01
4.0657088e-01
2.6903096e-01
2.2255588e-01
3.2513511e-01
3.1436995e-01
3.2815647e-01
1.8796365e-01
2.9195529e-01
2.1825719e-01
2.3978752e-01
2.1317244e-01
2.2478506e-01
1.2345861e-01
1.9793049e-01
1.8109187e-01
1.0951854e-01
1.1274871e-01
3.0447064e-02
8.3941296e-02
1.3168755e-01
1.2051093e-01
1.1968803e-01
1.8465365e-01
2.3537828e-01
1.7562024e-01
2.3632400e-01
1.0190985e-01
1.6288996e-01
1.5335299e-01
2.3782240e-01
1.0825350e-01
7.3176123e-02
2.4410464e-02
1.1852125e-02
-2.8322279e-02
-1.8238762e-02
-3.4395725e-02
1.0501106e-03
1.0101940e-01
1.5045443e-03
-4.6303119e-03
1.0891059e-01
1.4567059e-01
1.7332965e-01
1.4116311e-01
-2.3642839e-03
-1.0467944e-01
-2.1785188e-01
-2.1353476e-01
-1.2455785e-01
-1.1139769e-01
-1.7768362e-01
-1.5375829e-01
-2.4466348e-01
-4.9941045e-01
-5.0180542e-01
-2.9127979e-01
-8.7202162e-02
4.3306313e-02
4.2772047e-02
4.2065834e-03
-4.5529354e-02
5.8517564e-02
6.1287154e-02
4.1193809e-02
-1.0980717e-01
-2.1594203e-01
-1.1507615e-01
-1.5898427e-01
-1.9164211e-01
-2.3359740e-01
-2.4165438e-01
-1.1657455e-01
-1.3470891e-01
-1.8608449e-01
-9.4761729e-02
1.6018178e-01
1.7813805e-01
3.6414886e-01
2.4201056e-01
3.1394008e-01
3.6612627e-01
3.6546302e-01
3.2889953e-01
3.0418202e-01
2.4081306e-01
1.9421518e-01
1.7234708e-01
2.4461435e-01
1.6662368e-01
9.7672559e-02
1.0362933e-01
1.0569271e-01
1.6834316e-01
6.1925817e-02
1.1129943e-01
1.7942765e-01
2.0767011e-01
2.2990666e-01
2.1997052e-01
1.8585114e-01
-3.9707687e-02
2.5380742e-02
-1.2116187e-02
-1.1357161e-01
-1.0413289e-01
-1.3288504e-01
-8.6059935e-02
-1.0902113e-01
-1.2913904e-01
-1.1877917e-01
-7.7100225e-02
-1.4702162e-01
-6.9816999e-02
5.6619993e-03
-5.3660035e-02
2.0160895e-02
3.1589288e-02
-3.0152297e-03
-8.6403832e-02
-1.1606485e-01
3.1196265e-03
2.3538442e-02
4.5050357e-02
-6.2982067e-02
-5.1621225e-02
1.2773274e-03
-1.0808155e-02
4.3987963e-02
-6.0562514e-02
-6.3436501e-02
-7.9169735e-02
3.1319086e-02
6.8361580e-02
1.1305576e-02
4.0751658e-02
1.3184108e-01
9.1156967e-02
5.1154508e-03
-7.7180058e-02
-1.5530583e-02
-7.5006142e-02
-1.3450627e-01
-1.2137067e-01
-2.8929010e-01
-3.2223040e-01
-3.2183740e-01
-2.5611642e-01
-2.8953573e-01
-3.2635716e-01
-4.0963522e-01
-4.8213583e-01
-3.7850651e-01
-4.0913782e-01
-4.5178089e-01
-4.6704742e-01
-4.1246623e-01
-4.2403588e-01
-3.9969909e-01
-5.4646891e-01
-5.4586095e-01
-4.2102063e-01
-4.1504544e-01
-5.2431834e-01
-5.0331002e-01
-6.0007983e-01
-3.2436132e-01
-3.6204249e-01
-4.0397322e-01
-3.7638786e-01
-3.1828788e-01
-1.7838369e-01
-2.3123311e-01
-2.6281625e-01
-3.0946326e-01
-2.7507985e-01
-3.2485262e-01
-2.8131908e-01
-3.6539549e-01
-2.8986120e-01
-4.3348071e-01
-4.2353231e-01
-3.2355687e-01
-4.5671210e-01
-5.1948541e-01
-5.0908256e-01
-5.0348192e-01
-4.3102431e-01
-4.6319085e-01
-4.8155859e-01
-5.4520386e-01
-3.6702898e-01
-3.3504668e-01
-2.5105625e-01
-3.9983419e-01
-3.4693563e-01
-4.3999630e-01
-4.1477525e-01
-5.0602430e-01
-5.3586340e-01
-5.3065586e-01
-2.3823385e-01
-2.5604275e-01
-3.3884794e-01
-3.5483912e-01
-3.6220831e-01
-2.6349178e-01
-2.4167895e-01
-1.2890567e-01
-2.3536600e-01
-3.3257186e-01
-5.3493613e-01
-5.4506880e-01
-5.2147508e-01
-4.3290347e-01
-3.1029844e-01
-3.0852985e-01
-3.3983052e-01
-2.7762219e-01
-3.6479366e-01
-3.5997912e-01
-2.5805700e-01
-3.1837386e-01
-3.4487227e-01
-3.1241095e-01
-2.4411692e-01
-1.2570007e-01
-1.8908130e-02
-8.0514617e-02
-8.1472613e-02
-7.2998032e-02
-6.5272659e-02
-2.6860721e-02
-1.2036354e-02
-1.9761730e-02
-9.9588551e-02
-1.2974085e-01
-4.6702284e-02
-1.9890076e-01
-2.0709899e-01
-2.9418448e-01
-2.4412921e-01
-1.9754975e-01
-2.6534635e-01
-2.8256571e-01
-1.7926799e-01
-1.7331122e-01
-1.6652542e-01
-1.9350283e-01
-1.6866249e-01
-1.5979490e-01
-1.7579833e-01
-1.3445100e-01
-1.2169001e-01
-2.1927045e-01
-2.4543723e-01
-2.8417465e-01
-2.1588062e-01
-3.2063374e-01
-3.4569517e-01
-4.1440678e-01
-3.9541882e-01
-3.1117663e-01
-4.4183862e-01
-4.8820928e-01
-3.2886270e-01
-3.4708303e-01
-2.2172071e-01
-3.1099239e-01
-3.0143699e-01
-3.2138294e-01
-2.3612134e-01
-2.2557725e-01
-3.1476909e-01
-3.3512035e-01
-3.8626873e-01
-2.7250060e-01
-3.2134610e-01
-3.6597273e-01
-4.7259274e-01
-4.5161510e-01
-3.7682387e-01
-3.9584869e-01
-5.2110046e-01
-5.1075286e-01
-4.6949768e-01
-5.0329155e-01
-4.1562885e-01
-4.1871163e-01
-4.8492384e-01
-4.4161755e-01
-3.5942030e-01
-3.6806682e-01
-4.2070743e-01
-3.9800417e-01
-4.6308646e-01
-3.9011914e-01
-4.6818349e-01
-4.5670596e-01
-5.0477767e-01
-4.6466470e-01
-7.5755340e-01
-7.5670594e-01
-8.0318719e-01
-8.1684476e-01
-8.1301278e-01
-7.4022967e-01
-7.9196757e-01
-7.4968070e-01
-7.2398674e-01
-6.5919924e-01
-6.1739743e-01
-5.8132523e-01
-6.1111522e-01
-7.0445222e-01
-6.1415499e-01
-6.5765780e-01
-6.8987966e-01
-7.0582169e-01
-7.6821423e-01
-8.4249568e-01
-7.2359371e-01
-7.3883569e-01
-7.9746377e-01
-7.8316140e-01
-9.0039301e-01
-5.6561655e-01
-3.5044214e-01
-3.4970522e-01
-3.4536356e-01
-3.6052567e-01
-3.0058953e-01
-3.9649349e-01
-3.9923853e-01
-4.0631908e-01
-4.1901866e-01
-4.6788871e-01
-4.5627609e-01
-3.8995945e-01
-4.0067551e-01
-4.4936132e-01
-5.7749939e-01
-6.3740480e-01
-6.5187913e-01
-5.8680302e-01
-4.8750922e-01
-4.5283714e-01
-3.5562515e-01
-2.8899533e-01
-3.2736430e-01
-4.4777697e-01
-3.7278309e-01
-1.8062516e-01
-1.9600835e-01
-2.6063621e-01
-2.9543725e-01
-2.9608205e-01
-1.7572464e-01
-2.8571603e-01
-3.7823015e-01
-2.8558707e-01
-3.1498402e-01
-3.8943136e-01
-2.4186932e-01
-3.4554163e-01
-1.7724146e-01
-1.8676001e-01
-2.2407885e-01
-2.8179196e-01
-2.7048022e-01
-2.2794768e-01
-1.2883198e-01
-1.1209162e-01
-7.0197739e-02
-1.2087939e-01
-1.2638786e-01
-1.9024810e-02
-1.5370917e-02
-7.6504543e-02
-1.6414885e-01
-1.5393639e-01
-1.3874355e-01
-2.0608573e-01
-1.7715549e-01
-8.7251291e-02
-1.0246868e-01
-1.3391058e-01
-4.5474086e-02
-1.2611152e-01
-1.5154754e-01
-7.5829037e-02
-7.2420783e-02
-3.3591256e-02
-9.5203884e-02
-1.0869565e-01
-1.8478261e-01
-8.8608451e-02
-8.9154996e-02
-1.6037214e-01
-2.2382706e-01
-2.7016702e-01
-3.6587447e-01
-3.9166668e-01
-4.1849670e-01
-3.5888603e-01
-4.3800664e-01
-4.4223776e-01
-3.3018300e-01
-4.2375952e-01
-3.7251291e-01
-4.4187546e-01
-3.8454312e-01
-4.0199584e-01
-4.0089044e-01
-4.5805699e-01
-5.3786540e-01
-5.9112012e-01
-5.0162739e-01
-5.3483176e-01
-5.4465121e-01
-6.3567305e-01
-5.1908010e-01
-4.2533776e-01
-4.7903463e-01
-4.1578850e-01
-4.8420537e-01
-3.2124171e-01
-2.7066445e-01
-2.5445223e-01
-3.1563497e-01
-3.2075042e-01
-4.1365144e-01
-3.4308523e-01
-3.6413044e-01
-4.4697249e-01
-4.5304593e-01
-4.2997420e-01
-4.2757308e-01
-4.2383936e-01
-4.7859862e-01
-4.7320068e-01
-4.3494841e-01
-3.7702653e-01
-2.7518424e-01
-3.4433800e-01
-3.7840211e-01
-3.8154629e-01
-3.1947926e-01
-3.4879023e-01
-3.9018056e-01
-3.6672807e-01
-4.5226604e-01
-4.7990051e-01
-4.7592115e-01
-5.3238147e-01
-5.9369934e-01
-4.2821789e-01
-5.7360601e-01
-5.0205725e-01
-6.3598013e-01
-7.2571850e-01
-5.8489931e-01
-4.5712355e-01
-3.0505404e-01
-3.0267134e-01
-2.7679318e-01
-2.5945100e-01
-2.8497297e-01
-4.3923482e-01
-4.0177473e-01
-4.2853722e-01
-3.1143454e-01
-3.4298083e-01
-3.1683862e-01
-3.8389218e-01
-4.4939205e-01
-3.8406411e-01
-2.8295258e-01
-2.9626012e-01
-2.5647262e-01
-3.0974576e-01
-2.5802013e-01
-2.0329158e-01
-3.6985999e-01
-5.3281748e-01
-5.4570746e-01
-4.7351387e-01
-2.1755712e-01
-2.6186439e-01
-2.2900394e-01
-2.3623802e-01
-2.3513265e-01
-1.9220093e-01
-2.1553673e-01
-2.2024687e-01
-2.2011791e-01
-2.1674649e-01
-1.0200197e-01
-7.8549497e-02
-1.8387374e-01
-1.4306681e-01
-2.0362319e-01
-2.7912062e-01
-2.2132768e-01
-2.8795136e-02
-1.7336035e-02
-6.7649223e-02
-8.6809136e-02
-1.4130435e-02
-4.5443378e-02
-1.3285434e-01
-2.2127855e-01
-1.3608450e-01
-1.2134611e-01
-2.1112135e-01
-2.3885410e-01
-9.6149594e-02
-7.5221077e-02
-9.6327685e-02
-1.0367846e-01
-8.3505280e-02
7.2586588e-03
-4.2716779e-02
-1.4805945e-02
-1.2362441e-01
-8.4107101e-02
1.7657210e-01
1.9893147e-01
2.3462294e-01
1.3670474e-01
4.8120856e-02
-6.2877670e-02
2.8070498e-02
1.3782854e-01
1.1379268e-02
8.1116430e-02
1.6588062e-01
8.2117416e-02
2.2133383e-01
1.0042987e-01
1.4355810e-01
1.1041513e-01
1.8836281e-01
1.1962049e-01
1.7817490e-01
1.9741464e-01
1.9339229e-01
2.5079831e-01
2.5696388e-01
1.1962049e-01
1.2140138e-01
-3.1067306e-02
-7.3992878e-02
-5.4249570e-02
-8.6569637e-02
-6.7262344e-02
-9.2618518e-02
-5.1467698e-02
-1.2528248e-01
-1.5484525e-01
-1.4999385e-01
-1.7912062e-01
-2.3339474e-01
-3.9935520e-01
-4.9557233e-01
-4.3481946e-01
-5.2290595e-01
-4.8571604e-01
-4.1050723e-01
-3.9840335e-01
-4.8290959e-01
-3.8443872e-01
-3.6214688e-01
-3.7651068e-01
-2.7996191e-01
-2.8715917e-01
-7.4871041e-02
-6.1729304e-02
-2.1989068e-01
-2.8174281e-01
-2.0749202e-01
-1.1504544e-01
-9.1838613e-02
-4.5854826e-02
-1.7360599e-01
-6.8398431e-02
-6.5291084e-02
-8.1405059e-02
-1.2424466e-01
-2.5324243e-01
-1.3241218e-01
-8.5973963e-02
-7.0725866e-02
-1.6826333e-01
-2.9648734e-02
-3.3443872e-02
-1.2982069e-01
-4.5081060e-02
-3.9240974e-03
-5.3248588e-02
-1.1992139e-01
-1.0894129e-02
1.7765906e-02
-3.1662982e-02
-7.7818714e-02
-1.5753500e-01
-1.0252395e-01
-1.9034021e-01
-1.0656472e-01
-1.4758044e-01
-5.3543355e-02
-2.0733850e-01
-7.1505770e-02
-7.8303859e-02
-1.3454311e-01
-1.0250553e-01
-1.1883444e-01
1.8791452e-03
-9.4774008e-02
-5.9776466e-02
-1.1409973e-01
-1.2977770e-01
-6.1059937e-02
-6.9804713e-02
-2.6823876e-02
-7.9390816e-02
-1.3997789e-01
-1.2341562e-01
-5.5115450e-02
-2.0553919e-02
-1.5599361e-01
-2.7511667e-02
3.3093836e-02
-6.8748467e-02
-5.7559568e-02
-2.1444976e-01
-1.7494473e-01
-2.1228814e-01
-4.1795012e-01
-5.5167037e-01
-5.9140873e-01
-5.8930850e-01
-6.2462538e-01
-6.2415868e-01
-6.6792560e-01
-7.2547901e-01
-6.1478138e-01
-6.2881356e-01
-5.5799556e-01
-5.7437360e-01
-5.8306926e-01
-8.1286538e-01
-7.5490052e-01
-7.7394372e-01
-7.2196633e-01
-7.5961679e-01
-7.7768362e-01
-7.1161264e-01
-8.1257063e-01
-8.0144930e-01
-7.6538932e-01
-7.5545937e-01
-7.8977525e-01
-7.4086219e-01
-6.8866986e-01
-6.7945224e-01
-6.8160772e-01
-5.6479365e-01
-5.8169985e-01
-6.0257310e-01
-5.3956646e-01
-5.9778923e-01
-5.2360600e-01
-5.8206213e-01
-5.8658195e-01
-6.8697494e-01
-4.1016334e-01
-3.3827069e-01
-3.7285680e-01
-4.9186319e-01
-4.3776715e-01
-4.7033897e-01
-4.5122820e-01
-3.8944364e-01
-4.5407149e-01
-4.6424711e-01
-3.3909974e-01
-2.5933433e-01
-2.8372636e-01
-3.5798943e-01
-3.8164455e-01
-3.3009088e-01
-3.1034759e-01
-3.3742324e-01
-4.4814542e-01
-4.4166052e-01
-5.2321911e-01
-3.6281013e-01
-4.6584991e-01
-5.5466717e-01
-4.8147261e-01
-5.6352860e-01
-5.6914765e-01
-5.9069639e-01
-6.2058461e-01
-6.1193812e-01
-5.8746624e-01
-4.9640137e-01
-4.3233234e-01
-4.3951732e-01
-5.0679809e-01
-5.3712231e-01
-5.2269101e-01
-5.0111765e-01
-5.3116554e-01
-5.5760258e-01
-6.2505525e-01
-5.9514248e-01
-5.7013017e-01
-5.8510196e-01
-6.3734341e-01
-6.0084134e-01
-5.4734093e-01
-5.4856300e-01
-5.8435273e-01
-5.2203387e-01
-5.1975560e-01
-5.0337142e-01
-5.1436377e-01
-4.8819700e-01
-4.3192706e-01
-4.2883813e-01
-3.9800417e-01
-3.6093712e-01
-4.0383813e-01
-4.4288260e-01
-3.3001721e-01
-3.4807172e-01
-3.8476419e-01
-2.3965856e-01
-2.3690125e-01
-1.8493000e-01
-1.0513388e-01
-3.3929009e-02
-1.1494718e-01
-8.8362813e-02
-1.7804593e-01
-3.0488825e-01
-2.4339843e-01
-2.3083395e-01
-3.3822158e-01
2.9065341e-02
-2.4263080e-02
-4.9029723e-02
-8.8319823e-02
-1.4424589e-01
-4.0757798e-02
-8.8614589e-03
-6.2060919e-02
-1.0945714e-01
-1.1337509e-01
-1.1344264e-01
-6.6703513e-02
-6.4959466e-02
-8.1423484e-02
-2.0219234e-01
-9.9164821e-02
-1.0642962e-01
-2.1218374e-01
-1.9145173e-01
-2.8865758e-01
-2.4507491e-01
-1.6041513e-01
-1.3171211e-01
-1.6183984e-01
-1.8351756e-01
-4.7469910e-02
-5.9272908e-02
5.8867600e-02
-7.0302136e-02
9.9981576e-02
2.4527144e-02
8.3278067e-02
6.1667893e-02
2.0213093e-01
1.3513264e-01
2.0109923e-01
1.2248219e-01
1.2111889e-01
1.8376935e-01
1.0323016e-01
1.3840580e-01
1.5706828e-01
2.0450135e-01
1.0724024e-01
8.8712849e-02
5.9469417e-02
7.7499382e-02
3.2098994e-02
2.0649718e-01
7.9777695e-02
3.4379146e-01
3.9250797e-01
3.7536845e-01
3.2132155e-01
2.2272784e-01
3.2028985e-01
3.5740605e-01
3.0302137e-01
3.1260747e-01
2.8649595e-01
2.6719478e-01
2.3784083e-01
2.3104274e-01
2.5031933e-01
2.3412552e-01
3.4489682e-01
2.8277451e-01
3.7854335e-01
3.6564726e-01
3.0937117e-01
3.7173912e-01
4.5314419e-01
4.5714813e-01
4.2676246e-01
3.7957504e-01
3.7116802e-01
3.5257921e-01
3.1804225e-01
3.2721075e-01
2.3663719e-01
2.2506142e-01
2.8182265e-01
2.4501351e-01
1.8687668e-01
1.8533529e-01
2.5696388e-01
2.2318840e-01
3.6107221e-01
2.9923850e-01
3.7918815e-01
3.5481453e-01
3.6963278e-01
4.3870670e-01
2.7444732e-01
2.1392164e-01
2.2877057e-01
3.5584009e-01
1.5062024e-01
2.0757185e-01
1.4851388e-01
1.5639892e-01
1.8987350e-01
1.1900025e-01
1.9212724e-01
2.4803488e-01
2.6612011e-01
3.2064605e-01
3.0052200e-01
3.1047654e-01
2.9307297e-01
2.3636699e-01
3.2938468e-01
2.9007000e-01
1.7836526e-01
1.2682387e-01
1.3692582e-01
1.7633259e-01
1.9498281e-01
4.0291082e-02
1.2349545e-01
1.1163105e-01
1.6271800e-01
1.1390936e-01
2.2375952e-01
2.2278310e-01
2.1970032e-01
2.8859001e-01
2.9501966e-01
2.2679931e-01
2.1942398e-01
2.7205846e-01
2.4711987e-01
2.1510071e-01
1.4600222e-01
6.5954313e-02
1.4823753e-01
4.0192828e-02
1.5323630e-01
1.1458487e-01
4.2274624e-02
2.2305331e-01
2.1587448e-01
1.9013757e-01
1.8824613e-01
2.4329403e-01
3.0833948e-01
2.5238270e-01
2.5887987e-01
2.6898181e-01
1.8880497e-01
1.4397568e-01
7.3133133e-02
1.3138050e-01
-2.2230409e-03
5.7289362e-02
3.7871532e-02
2.7886270e-02
3.5286169e-02
3.9333086e-02
1.3297102e-01
6.8189636e-02
1.3392901e-01
2.3228322e-01
2.2562638e-01
1.2929870e-01
1.3110416e-01
2.1960820e-01
2.1365143e-01
1.4161140e-01
7.2807662e-02
8.4696636e-02
1.0943871e-01
1.8803734e-02
7.2347090e-02
-2.1800541e-03
-9.9220097e-02
-4.4411693e-02
9.9668382e-03
-6.6095553e-02
3.6729306e-02
7.9519771e-02
1.0750430e-01
1.2978998e-01
1.2621592e-01
7.0338979e-02
6.8576515e-02
1.0159052e-01
1.4533898e-01
-2.4256939e-03
2.7370425e-02
4.2925570e-03
4.1021863e-03
2.2678703e-02
-3.2455172e-02
-5.6042742e-02
4.3809876e-02
8.1613854e-02
8.7736428e-02
2.0639278e-01
1.6801155e-01
2.8922868e-01
3.2316998e-01
3.8139278e-01
3.1725621e-01
3.6570254e-01
3.6901867e-01
3.7231025e-01
3.9558461e-01
3.2899779e-01
1.9358265e-01
4.4245884e-02
8.0219850e-02
1.2133382e-01
2.2189265e-01
2.6136699e-01
3.5985631e-01
4.5239499e-01
4.7148120e-01
4.1744658e-01
3.6648858e-01
3.3279908e-01
3.9030337e-01
4.1000369e-01
4.2886269e-01
3.8127610e-01
3.0556989e-01
4.2975312e-01
3.5192826e-01
3.2274625e-01
2.4464504e-01
1.8964627e-01
1.3252272e-01
1.7702653e-01
2.1890813e-01
2.2641857e-01
3.1644559e-01
3.6241096e-01
3.4147629e-01
2.6172930e-01
3.1034145e-01
3.4070867e-01
3.4658560e-01
3.2353845e-01
2.8249201e-01
2.5747359e-01
2.3026897e-01
2.8693196e-01
2.2923729e-01
1.0747360e-01
5.5551462e-02
6.1692458e-02
1.3197617e-01
8.9861214e-02
7.4324489e-02
1.9861828e-01
1.3516335e-01
2.3053303e-01
2.7592731e-01
2.6075289e-01
2.9987717e-01
2.5979489e-01
2.2912061e-01
2.2404200e-01
1.7169614e-01
2.2330509e-01
3.7613608e-02
8.6790718e-02
2.7530091e-02
4.4767871e-03
-1.2712479e-01
-2.4809630e-03
4.7912061e-02
-7.3962174e-02
-3.8866371e-02
2.2574306e-02
6.3496071e-01
6.4149469e-01
7.5173175e-01
6.4879638e-01
6.6538322e-01
6.9673300e-01
6.1555517e-01
6.6901869e-01
6.4821911e-01
6.4695406e-01
5.5151069e-01
5.7541144e-01
4.8486859e-01
5.0555146e-01
3.4207812e-01
4.4783223e-01
6.3450015e-01
6.3253498e-01
5.5794030e-01
7.3768115e-01
7.0621467e-01
7.2800297e-01
7.1403831e-01
6.1387253e-01
6.7102063e-01
-2.6062393e-01
-2.5287399e-01
-2.1032302e-01
-2.1847212e-01
-2.8080937e-01
-3.0793417e-01
-2.5741220e-01
-3.5422501e-01
-3.8511422e-01
-4.0303364e-01
-3.1284696e-01
-2.7815032e-01
-4.0385655e-01
-2.9739621e-01
-2.8508967e-01
-3.6450502e-01
-1.9615574e-01
-1.8183494e-01
-2.4997544e-01
-2.3614591e-01
-1.5713584e-01
-9.7310245e-02
-3.1873006e-01
-5.9240973e-01
-5.8415008e-01
-3.7759763e-01
-2.9083765e-01
-3.1375584e-01
-2.2568165e-01
-2.0655245e-01
-1.3796365e-01
-2.7610537e-01
-1.8459223e-01
-3.3357897e-01
-3.0084747e-01
-2.4461435e-01
-2.6160648e-02
-1.2065218e-01
-1.0189757e-01
-1.5006755e-01
-1.7756693e-01
-1.8943748e-01
-2.6667896e-01
-3.7143207e-01
-2.3556252e-01
-2.0654017e-01
-1.4409237e-01
-2.5547162e-01
-3.9563990e-01
-3.6580080e-01
-4.1513140e-03
6.3203141e-02
3.0582167e-02
-7.3139280e-02
8.3929010e-02
2.0256694e-01
3.4328789e-01
3.0563745e-01
3.0414519e-01
3.0822894e-01
2.2064604e-01
2.3133136e-01
2.5060797e-01
1.6884673e-01
6.5972731e-02
-2.0437239e-02
-6.5149844e-02
-1.7552198e-01
2.7916973e-02
3.0428642e-02
9.7660281e-02
1.5198968e-01
6.5585852e-02
6.4302385e-02
1.5262835e-01
4.5665070e-01
4.9392042e-01
4.6425325e-01
3.7695283e-01
3.6400762e-01
4.0225989e-01
4.7944608e-01
3.6867478e-01
4.0680423e-01
3.5272661e-01
3.7807664e-01
4.4628471e-01
2.5676739e-01
2.3128223e-01
2.0934659e-01
1.8673545e-01
1.2296733e-01
1.7188652e-01
7.4711375e-02
1.4141488e-01
3.3888480e-01
3.3025056e-01
3.5579711e-01
2.9371163e-01
3.6181527e-01
5.1127487e-01
5.2753621e-01
5.5905181e-01
3.7921888e-01
3.2290593e-01
3.9645049e-01
3.2279539e-01
2.5730780e-01
2.3398428e-01
3.3814788e-01
2.7026528e-01
2.4242201e-01
2.6669124e-01
1.9297470e-01
2.9290101e-01
2.5632522e-01
3.8754606e-01
2.7291819e-01
2.1315402e-01
4.0366617e-01
3.6580080e-01
4.0872636e-01
2.7219355e-01
2.8448170e-01
2.9111397e-01
1.1851510e-01
1.1847826e-01
5.1958978e-02
-2.7474822e-02
-1.6264431e-01
-1.1849669e-01
-2.0007370e-02
-1.6624294e-01
-1.4603905e-01
-1.1105379e-01
-1.0757799e-01
-3.9548022e-03
2.7290592e-02
8.5924834e-02
1.7894866e-02
1.1863179e-01
6.4640135e-02
2.8224023e-02
-5.2566938e-02
-1.3706706e-02
-5.6742816e-03
-6.2638172e-03
-5.1866863e-02
-4.8894621e-02
-1.4738394e-02
3.2239008e-01
3.8748464e-01
2.4188161e-01
2.7597642e-01
3.5151067e-01
4.3344387e-01
3.9855072e-01
3.4347826e-01
3.4498894e-01
4.0325472e-01
3.1471384e-01
2.2461312e-01
1.9217637e-01
1.7563252e-01
1.8349300e-01
1.9086219e-01
2.6371899e-01
3.1295750e-01
2.1478753e-01
1.9511177e-01
2.7126014e-01
2.6832473e-01
2.5675508e-01
2.6785803e-01
3.0413902e-01
1.1527880e-01
1.4846475e-01
1.7666420e-01
1.1607099e-01
1.0721567e-01
1.9255097e-01
1.8397814e-01
1.5465488e-01
7.7014245e-02
1.5451363e-01
1.3002947e-01
1.0390568e-01
9.1040283e-02
1.3194546e-01
1.6947924e-01
2.0539179e-01
2.1338123e-01
1.6792557e-01
2.3246132e-01
2.9317120e-01
3.6466470e-01
3.4253868e-01
2.5825351e-01
2.9952714e-01
3.2937238e-01
2.8083396e-01
2.1588676e-01
2.2228567e-01
1.5692705e-01
1.5748587e-01
1.5843773e-01
1.3106117e-01
1.2042496e-01
1.0241341e-01
1.7280766e-01
2.3651437e-01
3.4785679e-01
2.7208301e-01
3.2739499e-01
3.7971014e-01
4.5655245e-01
3.5937729e-01
3.4743306e-01
4.2337263e-01
3.8368338e-01
4.4249570e-01
3.3429134e-01
2.9605749e-01
2.8002334e-01
3.8941905e-01
3.4095430e-01
2.3142962e-01
3.2547286e-01
2.9335544e-01
3.7013018e-01
4.2981455e-01
4.6874845e-01
4.3672317e-01
3.7153646e-01
4.9222550e-01
5.0116676e-01
4.2783099e-01
3.8575903e-01
4.1296980e-01
4.2519650e-01
4.0897813e-01
3.6969417e-01
3.0878776e-01
3.6704740e-01
4.5518300e-01
4.9614346e-01
3.3739868e-01
4.7702652e-01
5.0176245e-01
5.2977157e-01
6.7772663e-01
5.7061535e-01
5.5785435e-01
4.9866125e-01
5.3098750e-01
5.8797592e-01
5.4274750e-01
5.4141486e-01
7.2122329e-01
7.7382708e-01
7.9498279e-01
6.8634856e-01
6.4404321e-01
7.2812575e-01
6.6481209e-01
6.9221324e-01
6.0733849e-01
5.9543109e-01
5.8575290e-01
6.0142469e-01
6.2257433e-01
6.5703142e-01
7.0270818e-01
8.0927902e-01
8.2021004e-01
6.3526160e-01
6.3572216e-01
6.6444361e-01
7.1007121e-01
5.6919062e-01
5.6174773e-01
5.2826089e-01
4.3985507e-01
5.1258904e-01
4.4732866e-01
4.3117785e-01
4.3186563e-01
3.8467821e-01
4.1287768e-01
4.3239376e-01
3.4630927e-01
2.0589536e-01
2.4011913e-01
2.7264801e-01
3.1503931e-01
4.3300787e-01
4.6887130e-01
4.2233482e-01
3.8193932e-01
4.2334193e-01
4.5990542e-01
3.6915991e-01
3.0044830e-01
3.7086096e-01
4.5353109e-01
3.8911816e-01
2.8847334e-01
2.4139032e-01
3.1532180e-01
2.4927536e-01
2.0268975e-01
1.1274871e-01
1.7736429e-01
2.0962295e-01
6.5856054e-02
1.0727708e-01
1.7105134e-01
5.9733480e-02
1.4936134e-01
2.2003193e-01
2.4501964e-01
1.7313313e-01
2.4630313e-01
3.0415747e-01
3.1778434e-01
2.5665069e-01
1.6341808e-01
2.0296611e-01
1.3066199e-01
1.1260132e-01
4.3312453e-02
4.7193564e-02
-3.6053795e-02
-3.3001721e-02
1.3055760e-02
-4.0407762e-02
-1.2639400e-01
-7.2365515e-02
7.2844513e-02
9.3177348e-02
9.0757802e-02
6.9196761e-02
1.6676493e-01
1.5774994e-01
2.0989315e-01
1.5502948e-01
1.7730287e-01
1.0606731e-01
1.2054778e-01
2.0795259e-01
9.4092362e-02
-4.8882337e-03
8.9044459e-02
6.8865143e-02
1.1616310e-01
7.0124045e-02
4.8882339e-02
-1.1858266e-02
-5.8953576e-03
-5.6374356e-02
1.4572587e-02
-1.3031196e-02
-1.7587816e-02
3.7159175e-02
9.1709651e-02
1.5597519e-01
6.8662494e-02
5.3746007e-02
1.0784820e-01
2.9096045e-02
9.7064607e-02
7.9341689e-03
7.3999017e-02
1.0649718e-01
2.9704005e-02
1.8523704e-01
1.4156227e-01
1.3287276e-01
1.0050356e-01
1.7724146e-01
1.5730779e-01
1.0145541e-01
1.0664456e-01
1.3520634e-01
2.8803119e-01
3.6715794e-01
2.9658562e-01
3.6941171e-01
4.3034267e-01
5.1088184e-01
4.7818717e-01
4.8239991e-01
3.8378161e-01
4.0683493e-01
4.1573939e-01
3.2647383e-01
3.1440678e-01
3.3563006e-01
3.8921642e-01
3.7102678e-01
2.7415869e-01
2.3490542e-01
2.4701548e-01
1.9127978e-01
2.8779784e-01
3.0158436e-01
3.1404448e-01
3.3768117e-01
4.2760992e-01
4.2214444e-01
3.6763695e-01
4.1751412e-01
5.1740360e-01
5.1907396e-01
3.5022107e-01
3.6615083e-01
2.7999878e-01
2.9179564e-01
2.9531443e-01
2.6477525e-01
2.6806682e-01
2.1431467e-01
1.5406534e-01
1.3327806e-01
1.8615206e-01
1.8773642e-01
2.3613364e-01
3.1974331e-01
3.1317857e-01
3.1336895e-01
3.3010930e-01
3.4705848e-01
4.1542006e-01
4.3271309e-01
4.1477525e-01
3.0127734e-01
3.4747604e-01
3.7498772e-01
3.6164948e-01
2.2684230e-01
3.1166175e-01
3.5179931e-01
2.6303118e-01
2.5005528e-01
2.8788382e-01
1.9620487e-01
1.9479243e-01
