-1.5110750e-04
-5.4520564e-04
-7.2299114e-04
-7.2912630e-04
-5.8102471e-04
-6.6816469e-06
1.1264964e-03
2.3372372e-03
2.9723030e-03
3.2340321e-03
3.4035645e-03
2.8592794e-03
1.1820937e-03
-1.2544377e-03
-3.8364107e-03
-6.1032717e-03
-7.6167225e-03
-8.5283951e-03
-9.3988824e-03
-9.4336643e-03
-7.7928915e-03
-5.1045543e-03
-1.8267227e-03
2.8215083e-03
8.7566998e-03
1.3802726e-02
1.7509433e-02
1.9977016e-02
1.8853220e-02
1.4293502e-02
8.4832587e-03
2.2851538e-03
-3.4887939e-03
-9.3654993e-03
-1.5592286e-02
-1.9430570e-02
-1.8688519e-02
-1.5358479e-02
-1.3101025e-02
-1.2365593e-02
-1.0849269e-02
-6.9230334e-03
-3.5398661e-04
7.4364995e-03
1.4362704e-02
1.9157753e-02
2.1256401e-02
2.1070519e-02
1.8016933e-02
1.1306765e-02
3.2146410e-03
-3.5970916e-03
-9.1732872e-03
-1.3255136e-02
-1.4339297e-02
-1.3442102e-02
-1.3174840e-02
-1.3850706e-02
-1.3551712e-02
-1.0214911e-02
-2.7725362e-03
7.5389776e-03
1.6979777e-02
2.2144108e-02
2.3072210e-02
2.2014751e-02
1.9659037e-02
1.4589191e-02
6.3375871e-03
-3.3077838e-03
-1.1529324e-02
-1.7462936e-02
-2.2340247e-02
-2.5499951e-02
-2.4470012e-02
-1.9445020e-02
-1.3143626e-02
-7.1765489e-03
-1.6898198e-03
3.9478518e-03
9.4464147e-03
1.4388923e-02
1.8975125e-02
2.1885303e-02
2.1749963e-02
1.7341140e-02
7.7553029e-03
-3.0578258e-03
-1.0651476e-02
-1.4108110e-02
-1.3894312e-02
-1.1652374e-02
-8.8867624e-03
-7.4095534e-03
-6.9609407e-03
-5.1276323e-03
-2.0744508e-03
4.5644973e-04
2.4612620e-03
4.8720208e-03
7.4240768e-03
1.0783799e-02
1.5576902e-02
1.8405657e-02
1.6049295e-02
9.3486588e-03
2.0319234e-03
-3.6504072e-03
-8.3059686e-03
-1.1799359e-02
-1.2711506e-02
-1.0556812e-02
-9.3925994e-03
-1.1427806e-02
-1.1622623e-02
-6.8638286e-03
-4.3948141e-04
4.0601383e-03
7.6037151e-03
1.1862955e-02
1.6489500e-02
1.9588260e-02
1.9028493e-02
1.4733591e-02
7.3568561e-03
-8.7002481e-04
-7.8361916e-03
-1.3116363e-02
-1.6556325e-02
-1.7565970e-02
-1.5738459e-02
-1.3160210e-02
-1.1194860e-02
-8.3070692e-03
-3.5178226e-03
1.3110013e-03
3.4174899e-03
3.3373170e-03
4.3997199e-03
6.6463981e-03
7.0366923e-03
4.6465130e-03
6.1916508e-04
-2.6723206e-03
-3.5784811e-03
-3.7132106e-03
-3.8682216e-03
-3.4271568e-03
-2.5199661e-03
-1.1251926e-03
-1.9300608e-04
-4.4466501e-04
3.9785645e-04
4.3387986e-03
8.6384398e-03
1.2045115e-02
1.7073827e-02
2.2713679e-02
2.4450782e-02
2.0052005e-02
1.1618651e-02
1.5109738e-03
-8.5945520e-03
-1.5384123e-02
-1.7065357e-02
-1.4902282e-02
-1.2131672e-02
-1.1663889e-02
-1.2911492e-02
-1.2933386e-02
-8.9849944e-03
-1.8696369e-03
4.8555294e-03
8.8845122e-03
1.0484332e-02
1.0290200e-02
7.0180025e-03
7.6782598e-04
-6.4439198e-03
-1.2133363e-02
-1.4211153e-02
-1.3094382e-02
-9.6623632e-03
-5.5762508e-03
-2.3749175e-03
1.1947537e-03
4.4589629e-03
4.7735235e-03
2.7926610e-03
2.3093689e-03
4.8388810e-03
7.8620118e-03
1.0846263e-02
1.5593630e-02
1.9768528e-02
1.8909220e-02
1.2874401e-02
4.6367967e-03
-2.9588972e-03
-8.7259260e-03
-1.2881553e-02
-1.5392699e-02
-1.6310137e-02
-1.5422574e-02
-1.2508433e-02
-8.3940029e-03
-4.5357733e-03
-2.3756993e-03
-9.5111531e-04
1.2683830e-03
3.6989603e-03
5.8649142e-03
8.5265558e-03
1.2068411e-02
1.5755877e-02
1.8522707e-02
1.7929086e-02
1.3242767e-02
5.7704061e-03
-3.4360455e-03
-1.2349840e-02
-1.8991360e-02
-2.2006193e-02
-2.1801768e-02
-1.9760424e-02
-1.5741352e-02
-9.3030414e-03
-2.7838345e-03
1.9623836e-03
6.9745022e-03
1.3010055e-02
1.7591156e-02
1.9644957e-02
2.0074884e-02
1.7955379e-02
1.2915127e-02
5.9897852e-03
-2.2830962e-03
-9.5089634e-03
-1.4010307e-02
-1.6944011e-02
-1.8158736e-02
-1.6218788e-02
-1.1231674e-02
-5.3598903e-03
-1.6872197e-03
-3.8139368e-04
9.0236998e-04
3.5039807e-03
7.7911582e-03
1.2954134e-02
1.7630502e-02
1.9861861e-02
1.7927399e-02
1.2914415e-02
6.9873913e-03
3.1536533e-04
-8.2329474e-03
-1.6101945e-02
-1.8408805e-02
-1.5466248e-02
-1.2786205e-02
-1.3197099e-02
-1.3842172e-02
-1.1345339e-02
-5.5422583e-03
9.9257984e-04
6.4349641e-03
1.1263139e-02
1.5484562e-02
1.7550714e-02
1.6143909e-02
1.1212566e-02
5.1424943e-03
1.7073363e-03
6.6452102e-04
-9.6469489e-04
-3.5821796e-03
-5.4522449e-03
-5.7339390e-03
-6.1702006e-03
-8.4276200e-03
-1.1144787e-02
-1.1874169e-02
-1.0342200e-02
-6.3839342e-03
6.4995136e-05
7.3222957e-03
1.3644313e-02
1.7052551e-02
1.7086708e-02
1.4340546e-02
9.6407406e-03
4.6935617e-03
-1.8591255e-04
-6.2202342e-03
-1.1999306e-02
-1.4260152e-02
-1.3308082e-02
-1.1916397e-02
-1.0902321e-02
-9.1881047e-03
-6.9307780e-03
-3.9448407e-03
4.6418697e-04
5.3666648e-03
9.2751360e-03
1.1509324e-02
1.3074401e-02
1.4025156e-02
1.2680426e-02
9.4363513e-03
5.1174168e-03
-6.3181027e-04
-6.1991332e-03
-9.5777615e-03
-1.1339166e-02
-1.2584215e-02
-1.2762983e-02
-1.1336881e-02
-7.9393331e-03
-2.1000041e-03
3.2746217e-03
4.8325280e-03
5.0803264e-03
7.1652393e-03
9.6502261e-03
1.1180012e-02
1.2252064e-02
1.2449890e-02
1.0811902e-02
6.5227859e-03
-5.3842319e-04
-7.5028754e-03
-1.0618634e-02
-1.0561597e-02
-1.1089822e-02
-1.2420152e-02
-1.2658142e-02
-1.1765139e-02
-9.4953386e-03
-6.1281621e-03
-2.7571204e-03
9.3267950e-04
6.2379799e-03
1.2947037e-02
1.8858278e-02
2.2305871e-02
2.2242729e-02
1.7686470e-02
1.0149101e-02
2.3837934e-03
-5.1452615e-03
-1.2103634e-02
-1.6333596e-02
-1.6184349e-02
-1.3787157e-02
-1.2901630e-02
-1.2402873e-02
-8.7541745e-03
-3.9725653e-03
-1.4698245e-03
1.8244572e-04
2.5422150e-03
6.0150540e-03
1.1045976e-02
1.5124275e-02
1.5018897e-02
1.1012797e-02
5.1780902e-03
-2.6690128e-04
-4.6068229e-03
-7.6202969e-03
-8.2779405e-03
-8.3553084e-03
-9.2063381e-03
-9.1179989e-03
-7.5037947e-03
-5.5429500e-03
-3.4756565e-03
-6.7201219e-04
2.8214185e-03
6.3153621e-03
9.1804379e-03
1.1164648e-02
1.2902033e-02
1.5161677e-02
1.5307100e-02
1.0537491e-02
3.4067019e-03
-2.1262170e-03
-5.0545887e-03
-6.5014724e-03
-8.4965293e-03
-1.2189687e-02
-1.5495185e-02
-1.5644234e-02
-1.4124270e-02
-1.3161299e-02
-1.0828849e-02
-5.3687966e-03
2.9853720e-03
1.1785822e-02
1.7181931e-02
2.0178136e-02
2.2193437e-02
2.1287990e-02
1.7611658e-02
1.1750346e-02
3.9863349e-03
-4.0204427e-03
-1.1562993e-02
-1.8132414e-02
-2.2249006e-02
-2.2593247e-02
-1.8846166e-02
-1.3239324e-02
-8.6334677e-03
-5.6759802e-03
-3.1542462e-03
3.0857733e-04
4.8690742e-03
9.4383271e-03
1.2779956e-02
1.5474852e-02
1.8602740e-02
2.0817412e-02
1.9235940e-02
1.3486549e-02
6.7717847e-03
1.6891299e-03
-3.0076170e-03
-8.4754879e-03
-1.3181772e-02
-1.6177461e-02
-1.7104129e-02
-1.6755024e-02
-1.6416330e-02
-1.4808273e-02
-1.0760013e-02
-4.7945502e-03
9.8795077e-04
4.4775074e-03
7.3317730e-03
1.1032480e-02
1.4087102e-02
1.5294023e-02
1.4467417e-02
1.2646740e-02
1.0572069e-02
6.8108233e-03
4.1684386e-04
-6.5756523e-03
-1.1558625e-02
-1.3047576e-02
-1.1188619e-02
-8.8350601e-03
-7.7281563e-03
-7.1284010e-03
-6.5665311e-03
-5.4021717e-03
-2.4343561e-03
2.4081307e-03
7.4863700e-03
1.2134384e-02
1.6431170e-02
1.9369033e-02
1.9902129e-02
1.7107570e-02
1.0766901e-02
2.7783196e-03
-4.8652407e-03
-1.2525922e-02
-1.9885571e-02
-2.3468608e-02
-2.1450053e-02
-1.7215623e-02
-1.3962240e-02
-1.2048868e-02
-9.9628736e-03
-5.1804584e-03
2.1472305e-03
9.8404853e-03
1.6128371e-02
1.9774270e-02
2.0837215e-02
2.0244319e-02
1.7788241e-02
1.3459210e-02
8.4586722e-03
2.6315250e-03
-3.2777355e-03
-7.6383221e-03
-1.1547481e-02
-1.5343619e-02
-1.6180078e-02
-1.4203273e-02
-1.3916495e-02
-1.5879658e-02
-1.5588657e-02
-9.5650138e-03
3.7803694e-05
8.5403511e-03
1.3911322e-02
1.6683769e-02
1.8813349e-02
1.9984496e-02
1.8621233e-02
1.4840265e-02
9.1446839e-03
2.8043529e-03
-3.8507651e-03
-1.1556566e-02
-1.8002477e-02
-2.0292606e-02
-1.8693523e-02
-1.4730795e-02
-9.9520738e-03
-5.1209640e-03
-2.1089955e-04
3.7908460e-03
5.3051782e-03
5.4777176e-03
6.5837541e-03
7.8685671e-03
9.8530091e-03
1.2937285e-02
1.4192496e-02
1.1486060e-02
5.5495580e-03
-2.2441811e-04
-4.0983543e-03
-6.3916573e-03
-7.3203320e-03
-7.8891234e-03
-8.1321833e-03
-7.5479636e-03
-7.7486731e-03
-9.4350013e-03
-1.0586595e-02
-9.7326186e-03
-7.3594499e-03
-3.5191098e-03
1.7973444e-03
6.8657243e-03
1.1137863e-02
1.4459083e-02
1.5881968e-02
1.5830736e-02
1.5055839e-02
1.3270572e-02
8.9928028e-03
1.4927546e-03
-7.8124955e-03
-1.5241977e-02
-1.7236705e-02
-1.5788896e-02
-1.4322131e-02
-1.2361705e-02
-9.4746129e-03
-6.2536517e-03
-2.2686871e-03
1.6473598e-03
3.4485882e-03
3.9860227e-03
7.0301233e-03
1.3683783e-02
2.0359119e-02
2.3362674e-02
2.1285831e-02
1.5429645e-02
7.6591940e-03
-1.5422816e-03
-1.0551805e-02
-1.6929579e-02
-1.8874143e-02
-1.6308369e-02
-1.4249071e-02
-1.6994829e-02
-2.0649978e-02
-1.9678646e-02
-1.3252866e-02
-4.7049135e-03
4.0412129e-03
1.3811853e-02
2.1582015e-02
2.5538443e-02
2.7720004e-02
2.6113715e-02
1.8644029e-02
9.7220976e-03
1.8725648e-03
-7.1222873e-03
-1.5317380e-02
-2.0571712e-02
-2.3516029e-02
-2.4271554e-02
-2.3237428e-02
-1.9562055e-02
-1.3289573e-02
-6.8306377e-03
-1.8722265e-03
2.6008715e-03
8.9565934e-03
1.6722444e-02
2.4280695e-02
3.0471065e-02
3.3076006e-02
3.1662644e-02
2.7124509e-02
2.1077388e-02
1.5247768e-02
9.6528334e-03
2.5768141e-03
-6.6812524e-03
-1.5279871e-02
-2.1973506e-02
-2.7991563e-02
-3.3402522e-02
-3.5457808e-02
-3.2874103e-02
-2.7981455e-02
-2.1020761e-02
-1.3227353e-02
-5.1510407e-03
5.6092546e-03
1.6257973e-02
2.2917485e-02
2.6004973e-02
2.5764919e-02
1.9526956e-02
7.3437105e-03
-5.3708946e-03
-1.2908963e-02
-1.2504877e-02
-7.6579575e-03
-3.3927771e-03
-2.0344458e-03
-3.4962507e-03
-3.9259580e-03
-5.4612133e-04
5.3056096e-03
9.7149493e-03
9.6644682e-03
5.6828565e-03
1.4199426e-03
-4.5661233e-04
-1.6086235e-03
-6.7004161e-04
6.0491891e-03
1.5084718e-02
1.8866993e-02
1.4999558e-02
6.6643577e-03
-3.2337821e-03
-1.1648833e-02
-1.5422227e-02
-1.4728299e-02
-1.2832704e-02
-1.1723647e-02
-1.0300604e-02
-7.3296448e-03
-3.5550516e-03
-2.7742988e-04
4.2348308e-03
1.1513035e-02
1.8806869e-02
2.2660229e-02
2.0735089e-02
1.2995875e-02
3.8383080e-03
-3.0206144e-03
-8.3794961e-03
-1.3484247e-02
-1.6812807e-02
-1.6984147e-02
-1.6044149e-02
-1.4848970e-02
-1.3123906e-02
-1.1324826e-02
-7.7014023e-03
-2.1927940e-03
3.6555445e-03
9.5218504e-03
1.5826236e-02
2.2147814e-02
2.5721475e-02
2.4432902e-02
1.7833801e-02
8.1491422e-03
-3.2555047e-04
-6.8477569e-03
-1.3913709e-02
-2.0426895e-02
-2.2007216e-02
-1.8957015e-02
-1.5108005e-02
-1.2160360e-02
-1.0562638e-02
-8.3879755e-03
-2.3995665e-03
5.5922117e-03
1.1976816e-02
1.6173343e-02
1.9077272e-02
2.2185046e-02
2.3746861e-02
1.9828245e-02
1.1895231e-02
4.3152511e-03
-3.2058931e-03
-1.1852004e-02
-1.9071540e-02
-2.2313840e-02
-2.1553899e-02
-1.8688177e-02
-1.5606840e-02
-1.2813751e-02
-1.0248692e-02
-5.8726946e-03
3.1325628e-03
1.4162016e-02
2.1966063e-02
2.5405481e-02
2.5180978e-02
2.2396985e-02
1.8340776e-02
1.1944227e-02
3.5430043e-03
-3.4037807e-03
-6.4414548e-03
-7.8145014e-03
-1.1204239e-02
-1.6042712e-02
-1.9527735e-02
-1.9747361e-02
-1.8375576e-02
-1.7930527e-02
-1.5927162e-02
-8.5674039e-03
3.2984418e-03
1.5354746e-02
2.3322240e-02
2.4703749e-02
2.0553895e-02
1.5341008e-02
1.1078449e-02
6.1871109e-03
5.1184784e-04
-5.4739236e-03
-1.1117267e-02
-1.5067554e-02
-1.5434480e-02
-1.2314017e-02
-8.5115704e-03
-4.9024922e-03
-2.6445852e-03
-2.8110673e-03
-4.2687673e-03
-6.9491367e-03
-9.7654981e-03
-9.0548914e-03
-3.1992166e-03
7.0732410e-03
2.0125396e-02
3.0145454e-02
3.1035265e-02
2.2605396e-02
8.4838235e-03
-4.5566119e-03
-1.0823899e-02
-1.2720652e-02
-1.3629131e-02
-1.2160517e-02
-8.7704429e-03
-5.5947211e-03
-2.4835538e-03
1.5850611e-03
6.7250671e-03
1.1746596e-02
1.5294087e-02
1.5502901e-02
1.1510221e-02
6.5227465e-03
2.7509464e-03
-2.2668834e-03
-8.9960448e-03
-1.4704713e-02
-1.7834305e-02
-1.8133279e-02
-1.7221470e-02
-1.6885572e-02
-1.7295036e-02
-1.6153348e-02
-1.0125012e-02
-7.2935522e-04
7.6692208e-03
1.3491426e-02
1.6930897e-02
1.8393916e-02
1.9223859e-02
1.9440538e-02
1.7683250e-02
1.4628341e-02
1.1122507e-02
7.2651987e-03
3.0605056e-03
-2.9856810e-03
-1.0107810e-02
-1.5023105e-02
-1.7575118e-02
-1.8817986e-02
-1.8690693e-02
-1.7800416e-02
-1.4909074e-02
-8.7307022e-03
-2.2716807e-03
1.8464391e-03
5.8283176e-03
1.2089550e-02
1.9198193e-02
2.4334511e-02
2.5254915e-02
2.1603030e-02
1.4216287e-02
4.7018453e-03
-4.4384544e-03
-1.2270724e-02
-1.7013865e-02
-1.5579179e-02
-1.0456348e-02
-8.3092333e-03
-1.0473287e-02
-1.3219061e-02
-1.4037244e-02
-1.1497500e-02
-6.0598992e-03
-4.6111482e-04
4.1299282e-03
8.3794123e-03
1.2843252e-02
1.6624127e-02
1.8469429e-02
1.7639993e-02
1.4255770e-02
9.2353770e-03
2.5430271e-03
-5.2390488e-03
-1.1631856e-02
-1.4197792e-02
-1.2267633e-02
-7.7127489e-03
-4.2293429e-03
-3.7602105e-03
-5.0500702e-03
-5.7802161e-03
-4.5793088e-03
-2.4101028e-03
-8.2808501e-06
3.6876485e-03
7.7095413e-03
1.0838003e-02
1.2301000e-02
1.0888273e-02
8.0930074e-03
4.2042270e-03
-1.6281577e-03
-6.7776545e-03
-8.6501823e-03
-7.8275069e-03
-5.4255754e-03
-3.5426962e-03
-3.9024799e-03
-5.1360627e-03
-5.2281200e-03
-4.5582731e-03
-5.7648824e-03
-7.0609034e-03
-2.3201186e-03
9.0961011e-03
2.1542044e-02
3.0609121e-02
3.3957414e-02
2.9017106e-02
1.6105455e-02
-2.1102917e-04
-1.5287347e-02
-2.6239401e-02
-3.1667566e-02
-3.0937942e-02
-2.5511800e-02
-2.0546739e-02
-1.7732338e-02
-1.4455322e-02
-1.0167659e-02
-5.6268155e-03
2.4501507e-04
8.0938452e-03
1.5369099e-02
2.0578132e-02
2.3684361e-02
2.5203827e-02
2.6393291e-02
2.5506570e-02
1.9588131e-02
9.7213713e-03
-1.0607502e-03
-1.1042880e-02
-1.8394809e-02
-2.1911811e-02
-2.2216882e-02
-2.1301958e-02
-1.8601012e-02
-1.1570655e-02
-2.0619086e-03
7.4630265e-03
1.6078111e-02
2.2377363e-02
2.6143424e-02
2.7032802e-02
2.4159481e-02
1.7934585e-02
9.7630029e-03
6.2551442e-04
-9.5992700e-03
-2.0794963e-02
-2.9606940e-02
-3.2308216e-02
-2.9694821e-02
-2.5394096e-02
-2.2427671e-02
-2.1031341e-02
-1.8100324e-02
-1.1147124e-02
-2.2701737e-03
4.6550027e-03
1.0502781e-02
1.9205207e-02
2.9913092e-02
3.6900901e-02
3.5760266e-02
2.7315320e-02
1.7024712e-02
9.0218996e-03
1.8858699e-03
-5.5106759e-03
-1.1619661e-02
-1.4680968e-02
-1.4112659e-02
-1.2501379e-02
-1.1066429e-02
-8.0839337e-03
-3.0345729e-03
2.9403543e-03
8.2194649e-03
1.1585595e-02
1.2767440e-02
1.1102696e-02
5.4313133e-03
-3.0780598e-03
-1.1014414e-02
-1.5670198e-02
-1.5810325e-02
-1.1833300e-02
-7.0773430e-03
-5.2126803e-03
-5.4481864e-03
-4.7261246e-03
-2.7897119e-03
-7.2050249e-04
1.3918199e-03
4.6864336e-03
1.0172492e-02
1.6210732e-02
1.9242005e-02
1.7665086e-02
1.3593191e-02
9.3912619e-03
4.4390215e-03
-2.9124409e-03
-1.1302258e-02
-1.7150612e-02
-1.9350427e-02
-1.7947824e-02
-1.3075580e-02
-8.7233268e-03
-7.3461387e-03
-6.4517811e-03
-4.5175926e-03
-1.6792473e-03
3.1398034e-03
9.8131330e-03
1.5893493e-02
1.8922632e-02
1.7391115e-02
1.2719965e-02
7.9697407e-03
3.9455199e-03
-5.9346761e-04
-3.9454050e-03
-3.8973951e-03
-3.3946022e-03
-4.9022815e-03
-5.7765071e-03
-4.1662068e-03
-1.5630300e-03
6.9417488e-04
3.7589892e-04
-2.6961020e-03
-4.5182852e-03
-3.6291459e-03
-8.1726248e-04
3.3196864e-03
6.2112175e-03
5.7446859e-03
2.1481166e-03
-3.1002210e-03
-7.4853040e-03
-9.0707739e-03
-8.6847787e-03
-7.3423770e-03
-3.9505435e-03
1.6260547e-03
6.0164525e-03
5.3530751e-03
9.9924838e-04
-3.0560409e-03
-5.2648590e-03
-6.3372553e-03
-7.0881171e-03
-4.7858147e-03
2.5167863e-03
1.0516775e-02
1.5185362e-02
1.7393960e-02
1.7795079e-02
1.5174457e-02
9.7195701e-03
1.9277370e-03
-6.9446761e-03
-1.3500314e-02
-1.5835615e-02
-1.4870558e-02
-1.1816628e-02
-7.3189715e-03
-2.8268048e-03
2.6311170e-05
1.1869318e-03
4.3682071e-04
-1.0274083e-03
-1.1517873e-03
5.0434388e-04
4.8178095e-03
1.0991302e-02
1.6403792e-02
1.9125188e-02
1.8018182e-02
1.1299334e-02
-1.8122424e-04
-1.0035377e-02
-1.3606227e-02
-1.1981294e-02
-8.3585678e-03
-5.6969721e-03
-5.9085677e-03
-8.0074248e-03
-9.4006208e-03
-9.7971292e-03
-9.5136779e-03
-7.6504471e-03
-3.8012691e-03
1.4617712e-03
5.9757253e-03
8.0285802e-03
9.5755195e-03
1.2424981e-02
1.3795869e-02
1.1122019e-02
5.5587811e-03
-8.6334550e-04
-5.2787968e-03
-5.9101304e-03
-4.8744221e-03
-5.8969932e-03
-9.7456462e-03
-1.2586987e-02
-1.1433122e-02
-6.0521982e-03
1.3197783e-03
6.4096071e-03
9.5393928e-03
1.3429461e-02
1.6124727e-02
1.4755086e-02
9.7981792e-03
3.7607814e-03
-7.9083019e-04
-2.2751275e-03
-4.8265564e-04
1.5056046e-03
-1.3329442e-03
-9.9793874e-03
-1.9536483e-02
-2.5434378e-02
-2.6464067e-02
-2.2030103e-02
-1.2538873e-02
8.4508105e-04
1.7013945e-02
3.4111876e-02
4.6646470e-02
4.6854936e-02
3.2788128e-02
1.2064223e-02
-5.4332259e-03
-1.6416300e-02
-2.1902451e-02
-2.3100117e-02
-2.0938420e-02
-1.6725549e-02
-1.3010054e-02
-1.1803488e-02
-1.2618847e-02
-1.2345035e-02
-1.0833976e-02
-1.0524976e-02
-9.2848342e-03
-4.0163419e-03
5.3362802e-03
1.7130035e-02
2.6789782e-02
2.8619589e-02
2.3403094e-02
1.6802029e-02
1.0517593e-02
4.0125999e-03
-1.9411981e-03
-6.9840686e-03
-1.0369853e-02
-1.0950104e-02
-1.0224278e-02
-1.0482202e-02
-1.0673635e-02
-9.1563942e-03
-5.9933088e-03
-2.7898462e-03
-4.8709265e-04
2.2728312e-03
5.6734394e-03
9.0219913e-03
1.1214423e-02
1.1474611e-02
1.0689248e-02
8.8498547e-03
5.1241399e-03
4.9469083e-04
-3.4990388e-03
-6.4901006e-03
-9.0915696e-03
-1.2051622e-02
-1.3451568e-02
-1.1806388e-02
-8.4816428e-03
-4.2729067e-03
2.2527937e-04
5.0222107e-03
1.0655958e-02
1.6072722e-02
1.9048128e-02
1.8384208e-02
1.4264812e-02
6.7500541e-03
-2.6917680e-03
-1.0643343e-02
-1.4048533e-02
-1.2445730e-02
-9.1668710e-03
-7.3648369e-03
-6.2153507e-03
-5.6065399e-03
-6.8400832e-03
-1.0095654e-02
-1.3149433e-02
-1.1929162e-02
-7.3771455e-03
-2.2201648e-03
3.2843556e-03
7.5733748e-03
1.0420767e-02
1.3340962e-02
1.6026915e-02
1.8190523e-02
1.7796996e-02
1.2009854e-02
3.9409359e-03
-1.6998237e-03
-4.5571049e-03
-6.6833103e-03
-9.1118286e-03
-1.1231094e-02
-1.1485670e-02
-8.8599173e-03
-3.6799347e-03
2.2615366e-03
6.1691192e-03
8.2120971e-03
9.9572037e-03
1.1754482e-02
1.2300504e-02
9.3926882e-03
4.1013647e-03
-2.0064152e-03
-7.3586926e-03
-9.3757500e-03
-9.3284715e-03
-9.8435931e-03
-1.0882154e-02
-1.1827099e-02
-1.2886909e-02
-1.4292745e-02
-1.5556945e-02
-1.4775212e-02
-1.0533233e-02
-3.2607789e-03
7.1832891e-03
1.8763378e-02
2.6639391e-02
3.0147594e-02
3.0730255e-02
2.7898601e-02
2.2304871e-02
1.5464847e-02
6.9142964e-03
-4.9782943e-03
-1.8154085e-02
-2.7058907e-02
-2.8493303e-02
-2.3912697e-02
-1.7412919e-02
-1.2024014e-02
-7.9362425e-03
-4.0321110e-03
-3.5856956e-04
2.4519372e-03
4.6867497e-03
6.8995022e-03
1.0099764e-02
1.3505004e-02
1.4289137e-02
1.1550002e-02
7.1812103e-03
2.9480229e-03
-1.8698546e-03
-7.7355953e-03
-1.3464628e-02
-1.7411709e-02
-1.8272906e-02
-1.5445603e-02
-8.8823456e-03
1.2609192e-05
8.7357272e-03
1.5833066e-02
1.9599940e-02
1.8672698e-02
1.4979095e-02
1.1470605e-02
8.7641120e-03
4.3411980e-03
-2.6674516e-03
-9.3341220e-03
-1.2971790e-02
-1.3799892e-02
-1.3367700e-02
-1.1417689e-02
-7.0965073e-03
-2.5905637e-03
-1.1168656e-03
-2.0261156e-03
-2.7096802e-03
-3.3715410e-04
6.3203849e-03
1.3651808e-02
1.7452845e-02
1.6745531e-02
1.2122358e-02
5.6718447e-03
2.9101984e-04
-3.1070927e-03
-5.3988994e-03
-7.5201648e-03
-9.8407606e-03
-1.1810230e-02
-1.2574241e-02
-1.2354138e-02
-1.0909060e-02
-7.6174231e-03
-3.4756358e-03
1.9768759e-04
3.0345003e-03
5.3121624e-03
7.1597459e-03
7.9288305e-03
7.9456870e-03
9.4154259e-03
1.2439803e-02
1.4978861e-02
1.5383631e-02
1.2416246e-02
6.0661596e-03
-2.1316887e-03
-9.4073680e-03
-1.4838101e-02
-1.7834052e-02
-1.7151751e-02
-1.4373616e-02
-1.1454676e-02
-1.0003073e-02
-9.9481523e-03
-8.4857465e-03
-3.8393199e-03
3.2669967e-03
1.0725665e-02
1.6777539e-02
2.1624071e-02
2.4630345e-02
2.3199129e-02
1.7337426e-02
8.6580544e-03
-2.8971442e-03
-1.5325484e-02
-2.3031714e-02
-2.3999231e-02
-2.1038400e-02
-1.6958796e-02
-1.3155955e-02
-1.0161053e-02
-7.6435457e-03
-4.0407139e-03
1.6226105e-03
8.2692274e-03
1.5324307e-02
2.2922298e-02
2.8985801e-02
3.1382509e-02
3.1895138e-02
3.0613444e-02
2.2840590e-02
8.5451993e-03
-6.3007159e-03
-1.9511948e-02
-3.0731751e-02
-3.7688056e-02
-4.1119776e-02
-4.1385423e-02
-3.7236593e-02
-2.8034805e-02
-1.3828209e-02
3.6738403e-03
2.1308348e-02
3.5411909e-02
4.2646468e-02
4.1459798e-02
3.3678756e-02
2.2774819e-02
1.1331666e-02
1.2189776e-03
-5.4458500e-03
-7.8404633e-03
-8.0238688e-03
-9.5744926e-03
-1.4207122e-02
-2.0445078e-02
-2.5399317e-02
-2.6563052e-02
-2.3060690e-02
-1.7632117e-02
-1.4335451e-02
-1.2043351e-02
-7.9105985e-03
-2.2466970e-03
4.9299870e-03
1.3800463e-02
2.4357395e-02
3.4858040e-02
3.8946245e-02
3.1252637e-02
1.5607070e-02
1.0800361e-03
-9.7202431e-03
-1.8042467e-02
-2.1140751e-02
-1.8421893e-02
-1.2810593e-02
-4.7894604e-03
4.1710941e-03
1.0766045e-02
1.5060482e-02
1.8656896e-02
2.0839715e-02
1.9372824e-02
1.2579431e-02
3.2772305e-03
-3.3473670e-03
-7.7636069e-03
-1.2855173e-02
-1.6116802e-02
-1.3861003e-02
-8.1183772e-03
-3.8300728e-03
-3.1518180e-03
-4.4754158e-03
-5.6906953e-03
-6.7077351e-03
-8.1040634e-03
-9.7378106e-03
-9.5868988e-03
-5.1376963e-03
1.7248255e-03
6.0843135e-03
6.0155502e-03
4.3033494e-03
4.1443455e-03
5.3500103e-03
7.0272857e-03
9.1546275e-03
8.4807978e-03
1.1624341e-03
-1.1011047e-02
-2.4097883e-02
-3.4583207e-02
-3.8136231e-02
-3.2298551e-02
-1.8951988e-02
-1.5915106e-03
1.5388091e-02
2.8916176e-02
3.9927598e-02
4.6671593e-02
4.7472275e-02
4.6472451e-02
4.5390038e-02
4.0839490e-02
2.8863566e-02
7.2683913e-03
-1.9082279e-02
-3.9577573e-02
-4.9906986e-02
-5.2645939e-02
-5.0180509e-02
-4.4157057e-02
-3.2712386e-02
-1.3393050e-02
1.1485707e-02
3.3342618e-02
4.2367598e-02
3.8732466e-02
2.8083919e-02
1.4091209e-02
-1.9879685e-05
-1.1095932e-02
-1.6921619e-02
-1.7159095e-02
-1.4776041e-02
-1.4010630e-02
-1.4846479e-02
-1.4724087e-02
-1.3033391e-02
-1.0088104e-02
-6.3284550e-03
-2.4295450e-03
2.3283502e-03
7.0475066e-03
9.0465651e-03
8.9276896e-03
9.1609304e-03
1.0883745e-02
1.3720088e-02
1.6618221e-02
1.6636963e-02
1.1988120e-02
6.1083904e-03
2.9297139e-03
3.1071740e-03
4.3253965e-03
2.4473840e-03
-4.9749137e-03
-1.4343226e-02
-1.9504168e-02
-1.9013719e-02
-1.3291143e-02
-3.5310348e-03
3.9308227e-03
4.6559540e-03
1.5625519e-03
-9.0239188e-04
-1.1427009e-03
-1.4571530e-03
-3.8466016e-03
-5.9940041e-03
-3.7086423e-03
2.4551318e-03
6.0674882e-03
4.8643646e-03
2.8696533e-03
2.9959792e-03
3.1926215e-03
6.6145519e-04
-2.9318567e-03
-5.3705063e-03
-5.7254832e-03
-3.5013016e-03
-5.9770505e-04
1.4413268e-03
4.9472167e-03
1.0669750e-02
1.6038599e-02
1.8522402e-02
1.6419484e-02
1.1422173e-02
5.9083520e-03
-7.3276223e-04
-8.6006501e-03
-1.4622786e-02
-1.6974271e-02
-1.6263106e-02
-1.4198838e-02
-1.3592123e-02
-1.4139719e-02
-1.1843840e-02
-4.4905006e-03
5.0040714e-03
1.3128895e-02
1.8941016e-02
2.2030194e-02
2.1890305e-02
1.8164628e-02
1.0947660e-02
2.9898335e-03
-3.6364822e-03
-1.2280368e-02
-2.3934880e-02
-3.3686217e-02
-3.6831926e-02
-3.0909668e-02
-1.7413436e-02
-2.1307963e-03
8.6376334e-03
1.1325865e-02
8.4960376e-03
6.8443409e-03
1.0111164e-02
1.9199540e-02
3.4096450e-02
4.7213452e-02
4.5588435e-02
2.6476063e-02
-1.2926473e-05
-2.2061451e-02
-3.4093284e-02
-3.7864270e-02
-3.8719792e-02
-3.8735053e-02
-3.4537443e-02
-2.3203360e-02
-6.9231088e-03
7.4818064e-03
1.7088504e-02
2.5642238e-02
3.4642644e-02
4.1847752e-02
4.4591280e-02
4.3315147e-02
4.0774443e-02
3.4388477e-02
1.8889116e-02
-2.6981534e-03
-2.2656872e-02
-3.6391904e-02
-4.3184649e-02
-4.6701092e-02
-4.7920564e-02
-4.4314875e-02
-3.5846237e-02
-2.4022625e-02
-1.0834831e-02
8.1670110e-04
8.4102295e-03
1.3293592e-02
1.8792829e-02
2.3964281e-02
2.5759693e-02
2.3531120e-02
1.9269177e-02
1.3995446e-02
5.7698550e-03
-4.5411759e-03
-1.3278317e-02
-1.8147273e-02
-1.8133247e-02
-1.3473106e-02
-7.1240086e-03
-2.0509519e-03
2.8763999e-03
7.9174973e-03
1.1105336e-02
1.2089921e-02
1.1849102e-02
1.1683198e-02
1.1316982e-02
9.8439347e-03
7.9378123e-03
4.8026888e-03
-1.7172663e-03
-8.8240620e-03
-1.2697332e-02
-1.3281913e-02
-9.7964037e-03
-2.0106986e-03
6.4797015e-03
1.0374854e-02
8.5841638e-03
5.2231303e-03
3.9375207e-03
4.2211531e-03
3.2741320e-03
4.0915555e-04
-3.4750975e-03
-6.0255284e-03
-5.7284047e-03
-4.8230275e-03
-5.7480663e-03
-8.3470682e-03
-9.9957153e-03
-1.0106040e-02
-1.0746235e-02
-1.1191032e-02
-9.3678756e-03
-6.3911995e-03
-5.3730883e-03
-6.1401635e-03
-5.1709497e-03
-1.5575000e-03
4.6861797e-03
1.2652958e-02
1.7974160e-02
1.8392643e-02
1.5913528e-02
1.3611062e-02
1.2323647e-02
8.6157343e-03
1.6882950e-04
-8.0134131e-03
-1.0639213e-02
-8.7089268e-03
-6.1005518e-03
-4.3935765e-03
-2.4616067e-03
9.3588535e-04
4.9024699e-03
5.5726607e-03
3.4389485e-03
4.4661666e-03
9.4644202e-03
1.4116947e-02
1.3851677e-02
8.5678997e-03
4.4613945e-03
2.2988385e-03
-2.2007667e-03
-9.4887756e-03
-1.5802722e-02
-1.7089226e-02
-1.4294337e-02
-1.1494552e-02
-1.1436572e-02
-1.3756025e-02
-1.5447295e-02
-1.4671499e-02
-1.0804024e-02
-4.0336602e-03
1.7556421e-03
6.3093470e-03
1.2662549e-02
1.8082120e-02
1.9321244e-02
1.6799481e-02
1.3045511e-02
1.0799139e-02
9.2315535e-03
3.8871501e-03
-6.5312699e-03
-1.6641897e-02
-2.0224455e-02
-1.6126076e-02
-7.2350358e-03
3.8525294e-03
1.4734263e-02
2.2814009e-02
2.4604012e-02
1.6744267e-02
3.4553090e-03
-5.3623348e-03
-8.0049107e-03
-1.0377993e-02
-1.6363316e-02
-2.5160390e-02
-3.2393615e-02
-3.2270575e-02
-2.0712087e-02
-5.9109427e-04
1.8380184e-02
2.7015766e-02
2.4494065e-02
1.5852833e-02
6.8524829e-03
2.0022312e-03
1.5699794e-03
4.9307193e-03
1.1164713e-02
1.6039936e-02
1.8630342e-02
2.0758188e-02
2.0170749e-02
1.4614227e-02
4.5354097e-03
-7.8170121e-03
-1.7304390e-02
-2.0747554e-02
-2.1133585e-02
-2.1901981e-02
-2.3839785e-02
-2.5867284e-02
-2.6013170e-02
-2.3722664e-02
-1.9994307e-02
-1.6117505e-02
-9.1825982e-03
3.4885443e-03
1.6807543e-02
2.4761564e-02
2.7126898e-02
2.8399498e-02
2.9901363e-02
2.6240614e-02
1.5632396e-02
4.6039636e-03
-1.3939051e-03
-3.8277203e-03
-6.3804655e-03
-1.0363404e-02
-1.5116020e-02
-1.8299422e-02
-1.6851913e-02
-1.1566740e-02
-7.0203675e-03
-5.5619699e-03
-3.5308649e-03
2.6478659e-03
1.0445728e-02
1.6298916e-02
1.8769503e-02
2.0427621e-02
2.3070714e-02
2.0421991e-02
1.0308260e-02
-1.3042607e-03
-9.7845120e-03
-1.3485670e-02
-1.5017790e-02
-1.7812400e-02
-2.0875838e-02
-2.0031943e-02
-1.4719300e-02
-9.3452203e-03
-7.3517966e-03
-7.3565389e-03
-4.6304495e-03
1.8565875e-03
8.0811078e-03
1.0251069e-02
1.0239511e-02
1.2972058e-02
1.7578743e-02
1.9061713e-02
1.6648751e-02
1.1864254e-02
5.7582713e-03
8.5061733e-04
-3.0367835e-03
-8.4054120e-03
-1.3911534e-02
-1.6378671e-02
-1.6087071e-02
-1.4322890e-02
-1.1234095e-02
-6.6136640e-03
-2.8336405e-04
5.8253669e-03
1.0147818e-02
1.3900988e-02
1.7405576e-02
1.8496220e-02
1.6548322e-02
1.2335931e-02
5.8883731e-03
-9.2669200e-04
-6.3607378e-03
-1.1930765e-02
-1.8419240e-02
-2.4242292e-02
-2.7289357e-02
-2.6072407e-02
-2.0655609e-02
-1.3605860e-02
-7.3244699e-03
-1.0944680e-03
5.1793416e-03
1.0819139e-02
1.6303622e-02
2.0557264e-02
2.3647952e-02
2.8678053e-02
3.4570635e-02
3.7427556e-02
3.3601592e-02
2.0084587e-02
2.1891863e-03
-1.1944469e-02
-2.1364292e-02
-2.8087171e-02
-3.1240142e-02
-2.9686568e-02
-2.6316039e-02
-2.3397754e-02
-2.0111960e-02
-1.6878192e-02
-1.5600301e-02
-1.4679251e-02
-9.2562882e-03
3.0184882e-03
1.9141268e-02
3.2243847e-02
3.6961687e-02
3.2594595e-02
2.2936045e-02
1.2605604e-02
3.1840407e-03
-3.7246319e-03
-5.6361404e-03
-5.0412507e-03
-7.9529338e-03
-1.3121278e-02
-1.4422756e-02
-1.2089994e-02
-1.0142851e-02
-1.0143628e-02
-8.7480050e-03
-1.8671253e-03
6.7711170e-03
1.2419117e-02
1.6151881e-02
1.6717049e-02
1.3167680e-02
8.0974327e-03
3.4090067e-03
2.8346629e-03
7.2601283e-03
1.1773774e-02
1.1471022e-02
4.8672611e-03
-5.3316002e-03
-1.4931263e-02
-2.1291665e-02
-2.4287228e-02
-2.6234889e-02
-2.7233006e-02
-2.3607881e-02
-1.4021023e-02
-1.8610115e-03
8.8487106e-03
1.7180125e-02
2.2110894e-02
2.1249370e-02
1.6622416e-02
1.2971080e-02
1.0437225e-02
7.9413244e-03
6.1077636e-03
2.8468840e-03
-2.8239150e-03
-8.1978879e-03
-1.0972280e-02
-1.0697122e-02
-8.5932444e-03
-7.3338528e-03
-8.1604109e-03
-7.6851085e-03
-3.7002397e-03
1.3839116e-03
4.5240392e-03
5.3911779e-03
5.9250082e-03
5.9179410e-03
5.3477714e-03
5.1039416e-03
2.3882014e-03
-3.0614138e-03
-7.7126130e-03
-1.0177109e-02
-1.0480422e-02
-9.1837999e-03
-5.9913702e-03
-3.9967727e-04
7.4621592e-03
1.5638737e-02
1.9703194e-02
1.8868910e-02
1.6519593e-02
1.4093423e-02
9.5393144e-03
1.0896136e-03
-7.7985184e-03
-1.3583760e-02
-1.6053306e-02
-1.5104802e-02
-1.3384387e-02
-1.3284761e-02
-1.2654609e-02
-9.3373506e-03
-3.8614197e-03
1.2676567e-03
4.1160746e-03
6.4431113e-03
9.1929986e-03
1.0426436e-02
1.0223488e-02
1.0290893e-02
1.1066293e-02
1.1456597e-02
9.5817463e-03
4.3243345e-03
-3.5682291e-03
-1.0305648e-02
-1.2483492e-02
-1.2047264e-02
-1.2420191e-02
-1.3271098e-02
-1.2273046e-02
-1.0229062e-02
-9.2801093e-03
-8.3622542e-03
-6.0051443e-03
-1.9350997e-03
3.7374433e-03
8.4272493e-03
1.2061975e-02
1.7432588e-02
2.4499189e-02
3.2066590e-02
3.3975921e-02
2.4234053e-02
6.2272503e-03
-1.2033910e-02
-2.4322791e-02
-2.9162677e-02
-2.6949633e-02
-1.8035402e-02
-6.8270627e-03
4.4800579e-04
1.9426018e-03
2.8336613e-04
-3.5342502e-04
1.8886495e-03
5.8405880e-03
7.1617972e-03
2.1533611e-03
-6.1729764e-03
-1.2886311e-02
-1.6141393e-02
-1.6000492e-02
-1.2655002e-02
-2.8905816e-03
1.4557250e-02
3.1113438e-02
3.6285826e-02
2.7320186e-02
1.1737697e-02
-2.2958861e-04
-6.4359356e-03
-8.8303487e-03
-8.9328038e-03
-7.6314533e-03
-4.8803477e-03
-1.9338591e-03
-5.2773275e-04
-1.9002522e-03
-4.6943062e-03
-4.3605725e-03
-3.9500283e-04
4.1280299e-03
7.9958680e-03
7.6469194e-03
-1.0536110e-03
-1.3829103e-02
-2.1826806e-02
-2.2907896e-02
-2.0850303e-02
-1.6749473e-02
-8.1135836e-03
4.6291208e-03
1.5792526e-02
2.1288691e-02
2.3370515e-02
2.3871653e-02
1.9991159e-02
1.1753646e-02
4.1002018e-03
-9.4308528e-04
-5.2606266e-03
-9.9181154e-03
-1.3007818e-02
-1.2453063e-02
-8.9735811e-03
-5.4622431e-03
-5.2739374e-03
-7.5397735e-03
-8.5449613e-03
-5.1602084e-03
3.9140516e-03
1.5359519e-02
2.2459725e-02
2.1334244e-02
1.6640097e-02
1.2853544e-02
8.0600722e-03
3.4051217e-03
7.1771072e-04
-3.0824785e-04
9.2574566e-04
2.2294410e-03
1.1867298e-03
-1.9360419e-03
-6.8679664e-03
-1.4298289e-02
-2.3000131e-02
-3.0998144e-02
-3.6394873e-02
-3.5160351e-02
-2.6413458e-02
-1.2861839e-02
2.3281161e-03
1.3934111e-02
1.9653461e-02
2.0972529e-02
1.8665828e-02
1.3355676e-02
6.8417330e-03
1.0663957e-03
-4.2264539e-03
-8.4699447e-03
-8.5097961e-03
-1.8705995e-03
9.4238737e-03
1.8483229e-02
2.1912717e-02
2.1055612e-02
1.6059564e-02
9.4158827e-03
5.6953463e-03
4.0937266e-03
1.6595495e-03
-4.7935486e-04
-2.6064311e-03
-7.2738118e-03
-1.5424678e-02
-2.2845756e-02
-1.9994494e-02
-7.0834266e-03
4.3036236e-03
7.3092245e-03
4.7580668e-03
2.0912543e-03
2.1142718e-03
2.8760596e-03
1.1109780e-03
-8.5392708e-04
3.0450446e-04
4.2667099e-03
6.6555968e-03
3.4423131e-03
-2.0327944e-03
-4.8676777e-03
-6.1989077e-03
-8.0038251e-03
-7.6016434e-03
-5.6178633e-03
-5.6539145e-03
-5.8443814e-03
-4.2584221e-03
-4.4799210e-03
-8.1553895e-03
-1.0153944e-02
-6.8519155e-03
-8.7645338e-05
6.2824080e-03
1.0182965e-02
1.1462818e-02
1.0072724e-02
7.4331893e-03
6.0145598e-03
5.5130311e-03
3.5414211e-03
1.7382889e-03
1.1944439e-03
1.3168277e-04
-1.9402785e-03
-3.1973384e-03
-1.3140786e-03
2.9330253e-03
8.0733699e-03
1.1920522e-02
1.3136894e-02
1.2933092e-02
1.2349436e-02
1.1203442e-02
7.9624644e-03
1.8742061e-03
-5.9585196e-03
-1.2683125e-02
-1.8571664e-02
-2.6210353e-02
-3.2302034e-02
-3.3912197e-02
-3.2248157e-02
-2.8411075e-02
-2.2861336e-02
-1.2850828e-02
1.7446936e-03
1.4873907e-02
2.2786680e-02
2.6669196e-02
2.8474224e-02
2.9327136e-02
2.9944853e-02
2.8149271e-02
2.1726437e-02
1.2394974e-02
2.9083057e-03
-4.2815571e-03
-8.7759782e-03
-1.2043274e-02
-1.4324773e-02
-1.5577451e-02
-1.5661678e-02
-1.3553784e-02
-9.8241249e-03
-4.6538599e-03
1.9214325e-03
6.9173765e-03
9.4387068e-03
1.1218392e-02
1.1627121e-02
9.0242678e-03
4.6778652e-03
6.2864949e-04
-3.8077509e-03
-8.3809544e-03
-1.0704143e-02
-1.1161741e-02
-1.0496231e-02
-8.3847553e-03
-5.4927754e-03
-1.8830583e-03
1.6989553e-03
2.5458822e-03
-4.2022886e-04
-2.6860829e-03
7.9606814e-05
5.3757724e-03
9.2520520e-03
1.1493017e-02
1.2132343e-02
1.1309747e-02
9.4593778e-03
4.3243677e-03
-4.2455815e-03
-1.1319586e-02
-1.3100334e-02
-1.1118962e-02
-9.6285912e-03
-1.0105147e-02
-9.8443335e-03
-6.3892607e-03
-1.0301589e-03
3.5995244e-03
5.6217384e-03
5.7059987e-03
6.9363424e-03
7.8719329e-03
6.8101142e-03
6.5742244e-03
8.0257249e-03
9.7069155e-03
9.9187357e-03
7.1027315e-03
6.9343163e-04
-8.1595931e-03
-1.5798326e-02
-1.8636556e-02
-1.6829852e-02
-1.3570308e-02
-1.1019514e-02
-8.1973808e-03
-3.4454695e-03
2.8111005e-03
7.8820961e-03
9.5033557e-03
9.1331938e-03
9.5563129e-03
1.0411458e-02
9.8434626e-03
8.5643972e-03
8.2731895e-03
7.9936550e-03
6.4262899e-03
4.7714282e-03
4.0242108e-03
3.1418912e-03
7.6136445e-04
-2.4593664e-03
-4.8407074e-03
-5.8859222e-03
-4.8974837e-03
-1.8412796e-03
2.5469902e-04
6.7351682e-05
-4.1921467e-04
-2.6984244e-03
-8.0924458e-03
-1.3601271e-02
-1.7838398e-02
-2.0468911e-02
-1.9245279e-02
-1.3275008e-02
-3.7411930e-03
8.1597145e-03
1.7862805e-02
2.0590233e-02
1.8072385e-02
1.2277338e-02
4.5838487e-03
-5.8468695e-04
-2.4510413e-03
-3.6420626e-03
-6.0491596e-03
-9.2764953e-03
-9.4550076e-03
-4.8996948e-03
1.0099475e-03
4.7521946e-03
5.5001475e-03
3.8640460e-03
1.6439055e-03
8.7515128e-04
2.7575058e-04
-1.2942952e-03
-1.8915560e-04
3.6332102e-03
6.3998985e-03
7.2783064e-03
5.6706636e-03
2.4816323e-03
3.1319667e-04
-2.7724750e-05
1.1413688e-03
3.1448015e-03
4.3695225e-03
4.5005285e-03
3.5626916e-03
1.2511918e-03
-7.6003562e-04
-2.5933191e-03
-5.9905094e-03
-9.4721559e-03
-1.0208579e-02
-7.9956851e-03
-4.5318035e-03
-3.0274216e-03
-3.7931667e-03
-4.5219282e-03
-5.5076775e-03
-6.4991349e-03
-5.2896743e-03
-7.8517895e-04
5.4961306e-03
1.1220208e-02
1.4550343e-02
1.3147525e-02
7.8441958e-03
1.7888924e-03
-4.7918828e-03
-9.5482306e-03
-9.5396943e-03
-6.2258911e-03
-3.7342309e-03
-4.3146309e-03
-4.7494532e-03
-2.8807616e-03
1.7772821e-04
4.3328699e-03
9.4005901e-03
1.3783388e-02
1.5703623e-02
1.4806676e-02
1.1430215e-02
6.9462266e-03
3.0036515e-03
-5.0914988e-04
-3.0273016e-03
-5.6450318e-03
-1.0860443e-02
-1.6830505e-02
-1.9715788e-02
-1.8585066e-02
-1.5182798e-02
-1.1093875e-02
-6.5097940e-03
-1.5726276e-03
3.8059048e-03
9.2500007e-03
1.2634313e-02
1.4258539e-02
1.6584081e-02
1.8642835e-02
1.7429952e-02
1.2896982e-02
6.0370426e-03
-2.1028073e-03
-9.4602035e-03
-1.5378782e-02
-1.9288940e-02
-2.0793023e-02
-1.8231232e-02
-1.0933323e-02
-3.9299503e-03
-7.2783024e-04
2.6243167e-03
8.8892462e-03
1.4661276e-02
1.8250421e-02
1.9639376e-02
1.8960146e-02
1.5865060e-02
8.8368905e-03
-2.8577930e-04
-8.5948623e-03
-1.4720189e-02
-1.7989163e-02
-1.8806388e-02
-1.7692210e-02
-1.6040536e-02
-1.3973906e-02
-8.5206426e-03
-1.1655234e-04
6.8266449e-03
1.0181121e-02
1.1681574e-02
1.4581749e-02
1.7827941e-02
1.7719804e-02
1.4779123e-02
1.0874537e-02
5.6235889e-03
-1.1477513e-03
-7.2922665e-03
-1.2075064e-02
-1.5844251e-02
-1.6943080e-02
-1.5660536e-02
-1.4544647e-02
-1.3266752e-02
-9.2667328e-03
-2.1428015e-03
6.3250764e-03
1.2995297e-02
1.6658624e-02
1.7909584e-02
1.6547158e-02
1.4097761e-02
9.9469059e-03
3.7742933e-03
-4.2946844e-04
-2.5882252e-03
-5.9169012e-03
-1.0586051e-02
-1.3876723e-02
-1.4196175e-02
-1.2871705e-02
-1.0772821e-02
-8.0323610e-03
-4.7606519e-03
-9.3059998e-04
3.3629987e-03
7.6692115e-03
1.1176012e-02
1.4636124e-02
1.7282117e-02
1.6362950e-02
1.1194702e-02
4.4863014e-03
-1.2833503e-03
-7.1364447e-03
-1.2327170e-02
-1.3845523e-02
-1.2495612e-02
-1.1942269e-02
-1.2616452e-02
-1.1844242e-02
-8.7117164e-03
-4.5211648e-03
-1.1779011e-04
5.0182698e-03
1.0136277e-02
1.4015496e-02
1.7144986e-02
1.8442885e-02
1.6319622e-02
1.1646047e-02
5.2692493e-03
-2.1463252e-03
-8.1927458e-03
-1.1524727e-02
-1.2694789e-02
-1.1545302e-02
-8.6923718e-03
-6.3327721e-03
-5.1294971e-03
-3.1661042e-03
-7.9279036e-05
2.5962486e-03
5.0307278e-03
7.4667276e-03
9.9533763e-03
1.2371685e-02
1.2789282e-02
1.0795450e-02
8.1746486e-03
4.3980887e-03
-7.7246311e-04
-5.5087623e-03
-9.9546646e-03
-1.4800116e-02
-1.8914581e-02
-2.1483477e-02
-2.3482125e-02
-2.4387257e-02
-2.1910372e-02
-1.4028916e-02
7.0564701e-04
2.0029680e-02
3.6813401e-02
4.4463352e-02
4.1326687e-02
3.0101355e-02
1.5155533e-02
-5.0473347e-05
-1.1881808e-02
-1.7036232e-02
-1.5982816e-02
-1.2091162e-02
-9.0058372e-03
-8.6778026e-03
-1.0159267e-02
-1.1123586e-02
-1.0462042e-02
-9.9724969e-03
-9.6542338e-03
-6.2558024e-03
7.0454936e-04
9.6538587e-03
1.8349254e-02
2.3055601e-02
2.1626998e-02
1.5784435e-02
7.8345045e-03
-6.1737053e-04
-6.7165553e-03
-8.8999246e-03
-9.6322064e-03
-1.1859594e-02
-1.4723044e-02
-1.6084216e-02
-1.5530583e-02
-1.3787700e-02
-1.1380742e-02
-8.4412110e-03
-3.8127898e-03
4.6496060e-03
1.5283418e-02
2.3034399e-02
2.5328571e-02
2.4047254e-02
2.1461149e-02
1.6452624e-02
9.1982218e-03
1.4476245e-03
-7.1056942e-03
-1.4848260e-02
-1.9735900e-02
-2.1561615e-02
-2.0102288e-02
-1.6310404e-02
-1.1384081e-02
-5.7840224e-03
1.4980945e-03
1.0017111e-02
1.6457027e-02
2.0045324e-02
2.1503169e-02
1.9302537e-02
1.3043827e-02
7.4923247e-03
4.3771326e-03
-4.1135017e-04
-7.8442425e-03
-1.5224184e-02
-2.0571926e-02
-2.2716482e-02
-2.1283458e-02
-1.8430952e-02
-1.5016474e-02
-1.1311046e-02
-8.5687885e-03
-5.3429532e-03
5.1143043e-04
8.5299954e-03
1.7028949e-02
2.5062922e-02
3.1961286e-02
3.4825305e-02
2.9085886e-02
1.7375235e-02
6.4681734e-03
-4.5986135e-03
-1.7401127e-02
-2.7487615e-02
-3.2301402e-02
-3.1521128e-02
-2.5420795e-02
-1.3689835e-02
1.3455199e-03
1.1073388e-02
1.3390426e-02
1.3720532e-02
1.4721433e-02
1.5506829e-02
1.6090671e-02
1.7222086e-02
1.6755538e-02
1.2371560e-02
5.3381762e-03
-2.7228150e-04
-4.2447043e-03
-9.2698944e-03
-1.3994680e-02
-1.8840248e-02
-2.5288964e-02
-2.9417538e-02
-2.9570955e-02
-2.8087559e-02
-2.3765230e-02
-1.1237438e-02
1.0777278e-02
3.1774586e-02
3.8374144e-02
3.0571200e-02
1.9046628e-02
9.4726333e-03
1.6446149e-03
-3.5400909e-03
-4.0469097e-03
-5.0199058e-04
4.1809538e-03
7.6484978e-03
6.0587309e-03
-2.0353664e-03
-1.0942366e-02
-1.4693012e-02
-1.3545747e-02
-9.6646597e-03
-4.5186834e-03
8.3174722e-04
5.4793308e-03
5.6705965e-03
5.6684695e-05
-6.0361812e-03
-6.6468803e-03
7.2015025e-05
9.7424991e-03
1.6431967e-02
1.9942616e-02
2.3324801e-02
2.6843451e-02
2.5458976e-02
1.4903935e-02
-1.8645788e-03
-1.7783841e-02
-2.8113998e-02
-3.3335104e-02
-3.4576549e-02
-3.2837261e-02
-3.0381423e-02
-2.5734392e-02
-1.5766191e-02
-1.7057753e-03
1.2445002e-02
2.3695830e-02
2.8434442e-02
2.5684571e-02
2.0878279e-02
1.7788291e-02
1.6826634e-02
1.6131152e-02
1.0560774e-02
-2.1410376e-03
-1.6667468e-02
-2.4560769e-02
-2.2663708e-02
-1.4659292e-02
-6.5853523e-03
-1.9054744e-03
6.8614902e-04
2.6439477e-03
2.8254201e-03
8.7030848e-04
-2.4763970e-03
-3.8481429e-03
-8.4578294e-04
3.4791213e-03
7.2936942e-03
1.1594962e-02
1.5861058e-02
1.8900740e-02
1.9231161e-02
1.4041544e-02
5.4990295e-03
-7.5988560e-04
-4.1740830e-03
-8.1752530e-03
-1.5920489e-02
-2.5275446e-02
-3.0407234e-02
-2.7576130e-02
-1.8094924e-02
-8.3331032e-03
-8.7600748e-04
6.6975076e-03
1.3570940e-02
1.6770324e-02
1.7411926e-02
1.8900164e-02
2.0785356e-02
2.1429371e-02
1.9651473e-02
1.4431537e-02
6.8533016e-03
-5.2220794e-04
-6.0580885e-03
-1.3670482e-02
-2.4827462e-02
-3.3898245e-02
-3.7164323e-02
-3.5262742e-02
-3.0804706e-02
-2.3269673e-02
-1.2307937e-02
-1.0287187e-03
1.0029035e-02
2.1045094e-02
2.8789846e-02
3.0384481e-02
2.9248487e-02
2.8802067e-02
2.6241002e-02
1.9995690e-02
1.0850911e-02
-7.1971450e-05
-9.9203568e-03
-1.6028701e-02
-1.8266945e-02
-1.7280008e-02
-1.2129879e-02
-3.5735021e-03
4.9199575e-03
1.0677130e-02
1.3815118e-02
1.5267784e-02
1.4572989e-02
1.0362963e-02
1.6593567e-03
-9.0421495e-03
-1.5417795e-02
-1.6216052e-02
-1.7070684e-02
-1.9933452e-02
-2.1266422e-02
-1.8542966e-02
-1.3051647e-02
-7.0725580e-03
2.0414150e-04
1.0455685e-02
2.1102751e-02
2.7738670e-02
2.8274360e-02
2.2849208e-02
1.2988303e-02
1.5733971e-03
-6.8654552e-03
-1.0571030e-02
-1.2941324e-02
-1.5752669e-02
-1.7187751e-02
-1.6632059e-02
-1.4429314e-02
-9.3703593e-03
-2.3926639e-03
2.5517863e-03
5.2747936e-03
7.2389499e-03
7.0241311e-03
5.0314729e-03
4.4445990e-03
6.4772880e-03
8.8785978e-03
9.9818343e-03
1.0895390e-02
1.1333379e-02
9.4540708e-03
5.4517101e-03
1.2734250e-03
-1.4824118e-03
-2.3419240e-03
-2.8006458e-03
-4.9632794e-03
-8.4097170e-03
-1.0806788e-02
-1.0508911e-02
-9.1827490e-03
-9.5346100e-03
-1.1038511e-02
-1.1086443e-02
-8.3562847e-03
-3.2968965e-03
3.2274371e-03
9.6743946e-03
1.4969726e-02
1.8788186e-02
2.0519284e-02
1.9260324e-02
1.4250941e-02
6.3963660e-03
-1.1328815e-03
-6.2906886e-03
-1.0589125e-02
-1.4642415e-02
-1.6171532e-02
-1.4807417e-02
-1.3599371e-02
-1.2901881e-02
-1.0503306e-02
-5.4935807e-03
1.8201400e-03
8.4975620e-03
1.1463772e-02
1.1946700e-02
1.3415243e-02
1.4702791e-02
1.2863434e-02
8.2601591e-03
1.5208203e-03
-5.5483586e-03
-9.6757552e-03
-9.7458427e-03
-8.7970225e-03
-9.1434614e-03
-8.1465265e-03
-4.7602029e-03
-1.7803956e-03
-3.5628122e-04
9.6151455e-04
3.4500555e-03
6.7419638e-03
8.4513910e-03
6.6935081e-03
3.2744998e-03
1.7837727e-03
1.2083810e-03
-1.8828835e-03
-5.7193127e-03
-7.6181336e-03
-6.3248282e-03
-1.4265341e-03
4.6150834e-03
9.2189347e-03
1.0981124e-02
1.0429043e-02
8.2906735e-03
2.5482963e-03
-6.3475500e-03
-1.2954820e-02
-1.3356764e-02
-9.4050445e-03
-5.8765702e-03
-3.4211085e-03
1.9748292e-04
5.0088199e-03
1.0242823e-02
1.4607739e-02
1.6871591e-02
1.6414358e-02
1.2470213e-02
4.9853162e-03
-4.7154928e-03
-1.3706919e-02
-1.8490566e-02
-1.9323636e-02
-1.9734414e-02
-2.0276052e-02
-1.7840990e-02
-1.1664885e-02
-4.9510948e-03
6.6426957e-04
4.2113110e-03
5.1591669e-03
5.4757555e-03
5.6729311e-03
5.6751062e-03
5.9287484e-03
6.7406400e-03
1.0430002e-02
1.8324816e-02
2.5841382e-02
2.6989116e-02
2.1089172e-02
1.0474753e-02
-1.2495436e-03
-9.2285933e-03
-1.2126222e-02
-1.3144152e-02
-1.4585216e-02
-1.4626578e-02
-1.2135511e-02
-1.0968912e-02
-1.3797811e-02
-1.6518970e-02
-1.4287316e-02
-8.5341531e-03
-3.9378117e-03
-9.5580628e-04
3.5031657e-03
9.8343937e-03
1.4869541e-02
1.6529182e-02
1.7682134e-02
1.9848718e-02
1.9953451e-02
1.7944853e-02
1.4085967e-02
6.2781834e-03
-3.1865638e-03
-1.0191607e-02
-1.5665617e-02
-2.2383421e-02
-2.8359776e-02
-2.9179874e-02
-2.3927507e-02
-1.6445743e-02
-1.0034314e-02
-4.1701533e-03
1.9823757e-03
8.2180685e-03
1.3971915e-02
1.8248970e-02
2.0080681e-02
2.1509422e-02
2.4948233e-02
2.6806669e-02
2.1770725e-02
1.1503816e-02
2.3554435e-03
-3.2322729e-03
-8.3783543e-03
-1.5118543e-02
-2.0768984e-02
-2.2444695e-02
-1.9840475e-02
-1.4642864e-02
-9.6603200e-03
-7.1011256e-03
-4.7238593e-03
3.2653647e-04
4.0502364e-03
3.1011138e-03
2.0049556e-04
-1.1650589e-03
8.3449309e-04
5.3531540e-03
9.8740178e-03
1.2879081e-02
1.3560769e-02
1.1916438e-02
9.1159838e-03
4.8292744e-03
-1.4848818e-03
-7.8686129e-03
-1.1132802e-02
-1.0346936e-02
-8.4842092e-03
-7.1710113e-03
-6.2851166e-03
-6.0696650e-03
-6.3914215e-03
-7.3290981e-03
-6.6174941e-03
-2.8402195e-03
2.0245976e-03
6.8836104e-03
1.1259551e-02
1.3909839e-02
1.5041845e-02
1.6942876e-02
1.9563473e-02
1.9949837e-02
1.5558439e-02
7.3260070e-03
2.5626172e-04
-4.3059008e-03
-9.7803833e-03
-1.6723321e-02
-2.2426330e-02
-2.4495768e-02
-2.2176438e-02
-1.7175016e-02
-1.2400533e-02
-7.7696040e-03
-2.8212333e-03
2.1993847e-04
6.9486278e-04
1.2743795e-03
5.2705912e-03
1.2397458e-02
1.8878237e-02
2.2450086e-02
2.2277635e-02
1.8189944e-02
1.2255252e-02
5.5532620e-03
-2.3882877e-03
-9.9448877e-03
-1.4527449e-02
-1.7195530e-02
-2.0693376e-02
-2.3190581e-02
-2.0121625e-02
-1.1939371e-02
-3.1810737e-03
3.3918266e-03
7.0564579e-03
9.1053020e-03
1.1150931e-02
1.3505986e-02
1.5880083e-02
1.6804965e-02
1.4908245e-02
1.0687678e-02
5.3924664e-03
-2.0192749e-04
-4.9902960e-03
-7.7352638e-03
-8.5183902e-03
-8.3635098e-03
-8.2050924e-03
-8.0631148e-03
-6.9550852e-03
-4.4884090e-03
-1.8256296e-03
-2.7308133e-04
4.8260464e-04
1.4021539e-03
2.3311536e-03
2.5901413e-03
2.3934138e-03
2.1914243e-03
1.8787247e-03
1.4033668e-03
8.2792337e-04
1.6654973e-04
