0.0000000e+00
-1.8527356e-07
-1.5016568e-06
-3.5450463e-06
-3.8856046e-06
4.7009916e-07
1.0970865e-05
2.6108864e-05
4.1436225e-05
5.1029535e-05
4.9886468e-05
3.6315572e-05
1.3229493e-05
-1.2440512e-05
-3.2234726e-05
-3.9648537e-05
-3.3274580e-05
-1.8531978e-05
-7.0174482e-06
-1.2651256e-05
-4.5335740e-05
-1.0558991e-04
-1.8781105e-04
-2.7725823e-04
-3.5218460e-04
-3.9153800e-04
-3.8275370e-04
-3.2686463e-04
-2.3874937e-04
-1.4210803e-04
-6.1217100e-05
-1.2913079e-05
-1.6975249e-06
-1.9157378e-05
-4.7411174e-05
-6.5603737e-05
-5.8021712e-05
-2.1466664e-05
3.1407913e-05
7.5468315e-05
8.4124330e-05
4.3491116e-05
-5.7550599e-05
-2.0423076e-04
-3.4614559e-04
-4.1283053e-04
-3.4399717e-04
-1.2260526e-04
2.0591432e-04
5.4103358e-04
7.6078291e-04
7.6715268e-04
5.2336809e-04
6.8806086e-05
-4.9199605e-04
-1.0203374e-03
-1.3830382e-03
-1.4885572e-03
-1.3099899e-03
-8.8992585e-04
-3.2579880e-04
2.7326389e-04
8.5850906e-04
1.4100806e-03
1.9149450e-03
2.3488829e-03
2.6584216e-03
2.7558077e-03
2.5373550e-03
1.9243974e-03
9.1157063e-04
-4.0217812e-04
-1.8212355e-03
-3.1041286e-03
-4.0385697e-03
-4.5044211e-03
-4.4910349e-03
-4.0640668e-03
-3.3127750e-03
-2.3190464e-03
-1.1728790e-03
-2.4705345e-05
9.8410502e-04
1.7529428e-03
2.2334358e-03
2.4301072e-03
2.3862374e-03
2.1630079e-03
1.8214679e-03
1.4128309e-03
9.7698683e-04
5.4577853e-04
1.4689051e-04
-1.9479894e-04
-4.5948222e-04
-6.3701446e-04
-7.3063198e-04
-7.5637952e-04
-7.3721550e-04
-6.9429746e-04
-6.3833110e-04
-5.7815003e-04
-5.2114886e-04
-4.6591669e-04
-4.0609271e-04
-3.3704035e-04
-2.6018433e-04
-1.8329319e-04
-1.1741853e-04
-7.2628885e-05
-5.4610234e-05
-6.3146391e-05
-9.2408788e-05
-1.3257031e-04
-1.7231500e-04
-2.0154456e-04
-2.1308846e-04
-2.0262653e-04
-1.6743353e-04
-1.0562508e-04
-2.0238638e-05
7.7632415e-05
1.7705340e-04
2.6343562e-04
3.1889242e-04
3.2795920e-04
2.8533975e-04
2.0097548e-04
9.8750165e-05
8.4773412e-06
-4.5603976e-05
-5.4585166e-05
-2.8183449e-05
1.0067105e-05
3.3231785e-05
2.1911647e-05
-2.8826856e-05
-1.0856660e-04
-1.9638184e-04
-2.6906923e-04
-3.0684763e-04
-2.9644141e-04
-2.3824457e-04
-1.4344861e-04
-2.9586616e-05
8.4167547e-05
1.8104370e-04
2.4885620e-04
2.8005700e-04
2.7128360e-04
2.2432327e-04
1.4812600e-04
5.9259982e-05
-2.1164387e-05
-7.3576145e-05
-8.6609408e-05
-6.1255371e-05
-1.0078478e-05
4.8485071e-05
9.7779082e-05
1.2831436e-04
1.3728815e-04
1.2718326e-04
1.0364455e-04
7.2215793e-05
3.6793754e-05
-4.4919348e-08
-3.6212097e-05
-6.9463571e-05
-9.6904598e-05
-1.1513782e-04
-1.2157068e-04
-1.1602051e-04
-1.0107140e-04
-8.0907448e-05
-5.9783844e-05
-4.1051413e-05
-2.6459851e-05
-1.5234560e-05
-3.4341425e-06
1.4501006e-05
4.1955224e-05
7.9382663e-05
1.2173144e-04
1.5923241e-04
1.8137069e-04
1.8184511e-04
1.6138780e-04
1.2659923e-04
8.5950118e-05
4.6161324e-05
1.1113300e-05
-1.7522654e-05
-3.9957881e-05
-5.8605707e-05
-7.7663043e-05
-1.0102301e-04
-1.2915097e-04
-1.5670967e-04
-1.7294358e-04
-1.6638497e-04
-1.3328288e-04
-7.6404487e-05
-5.3724339e-06
6.5429019e-05
1.2180671e-04
1.5472653e-04
1.6293987e-04
1.5189104e-04
1.2986201e-04
1.0410425e-04
7.9108253e-05
5.7026151e-05
3.8735288e-05
2.4293469e-05
1.2995262e-05
3.8980645e-06
-3.2974504e-06
-8.0382433e-06
-9.9117394e-06
-1.0891700e-05
-1.6350760e-05
-2.7387552e-05
-4.6191257e-05
-7.7748698e-05
-1.2584015e-04
-1.8764671e-04
-2.5132167e-04
-2.9908477e-04
-3.1431271e-04
-2.8848294e-04
-2.2458470e-04
-1.3595868e-04
-4.1373489e-05
4.1783263e-05
1.0350471e-04
1.4352375e-04
1.6887968e-04
1.8858702e-04
2.0899724e-04
2.3123342e-04
2.5158923e-04
2.6387289e-04
2.6332987e-04
2.4914195e-04
2.2345233e-04
1.8861581e-04
1.4420669e-04
8.6137501e-05
9.5062453e-06
-8.6220054e-05
-1.9350350e-04
-2.9728502e-04
-3.7942155e-04
-4.2457512e-04
-4.2492493e-04
-3.8216621e-04
-3.0682024e-04
-2.1551332e-04
-1.2654516e-04
-5.4604208e-05
-8.2556173e-06
1.4827910e-05
2.8095527e-05
4.9629392e-05
9.2708424e-05
1.5781681e-04
2.3037146e-04
2.8574517e-04
2.9976936e-04
2.6051711e-04
1.7595361e-04
7.2713310e-05
-1.4833989e-05
-6.0300691e-05
-5.7259394e-05
-2.0560231e-05
2.3500259e-05
5.1632082e-05
5.3895585e-05
3.4392628e-05
5.0983784e-08
-4.3562246e-05
-8.8028230e-05
-1.2464854e-04
-1.4878121e-04
-1.6202448e-04
-1.7022874e-04
-1.7791815e-04
-1.8274633e-04
-1.7427018e-04
-1.3840031e-04
-6.4712031e-05
4.7902307e-05
1.8978570e-04
3.4275232e-04
4.8418996e-04
5.9160769e-04
6.4696344e-04
6.4050884e-04
5.7376580e-04
4.6092230e-04
3.2386118e-04
1.8563030e-04
6.5244637e-05
-2.5848769e-05
-8.5457619e-05
-1.1953072e-04
-1.3795820e-04
-1.4916462e-04
-1.5661376e-04
-1.5891712e-04
-1.5254666e-04
-1.3499361e-04
-1.0693845e-04
-7.2770438e-05
-3.9080548e-05
-1.1552851e-05
8.1052099e-06
2.3235612e-05
3.8425743e-05
5.1886289e-05
6.3423117e-05
7.4092734e-05
8.4454410e-05
9.3966425e-05
1.0074061e-04
1.0169169e-04
9.3243515e-05
7.2584974e-05
3.8933572e-05
-5.8557185e-06
-5.7204214e-05
-1.0763690e-04
-1.4696463e-04
-1.6435615e-04
-1.5249380e-04
-1.1136312e-04
-4.8988008e-05
2.1140745e-05
8.4279572e-05
1.2855289e-04
1.5015082e-04
1.5136287e-04
1.3750333e-04
1.1409332e-04
8.5074034e-05
5.2584045e-05
1.7900940e-05
-1.7180178e-05
-4.9267575e-05
-7.3314109e-05
-8.4097499e-05
-7.8935833e-05
-6.0069379e-05
-3.4607663e-05
-1.1238706e-05
4.4811465e-06
1.2895346e-05
1.8995772e-05
2.7778459e-05
4.0304043e-05
5.6429906e-05
6.9704153e-05
7.0322874e-05
5.3032133e-05
2.2741031e-05
-6.2771006e-06
-1.7781527e-05
-3.3038265e-06
3.1774900e-05
6.9597398e-05
8.8103558e-05
7.1810031e-05
1.9297942e-05
-5.6470796e-05
-1.3449631e-04
-1.9446984e-04
-2.2348981e-04
-2.1887848e-04
-1.8826884e-04
-1.4738448e-04
-1.0932631e-04
-7.9574638e-05
-5.6396511e-05
-3.4550805e-05
-9.3683506e-06
2.0971195e-05
5.5035424e-05
8.8404586e-05
1.1407598e-04
1.2363484e-04
1.0952396e-04
6.7660326e-05
-3.9401162e-07
-8.5920187e-05
-1.7294235e-04
-2.4125472e-04
-2.7312780e-04
-2.6111437e-04
-2.1170195e-04
-1.4022718e-04
-6.6723312e-05
-1.0783445e-05
1.4863159e-05
8.0922108e-06
-2.2384337e-05
-5.9913090e-05
-8.5543583e-05
-8.5036467e-05
-5.4241680e-05
-9.9801476e-08
6.2861369e-05
1.1812573e-04
1.5233773e-04
1.5896378e-04
1.4000384e-04
1.0467592e-04
6.4705275e-05
2.8474953e-05
-1.5759959e-06
-2.6685120e-05
-5.2888451e-05
-8.4849645e-05
-1.2193806e-04
-1.5773312e-04
-1.8211223e-04
-1.8507456e-04
-1.6094107e-04
-1.1106239e-04
-4.3541796e-05
2.9914887e-05
9.8173442e-05
1.5364081e-04
1.9299640e-04
2.1618868e-04
2.2481101e-04
2.2042250e-04
2.0285792e-04
1.6939208e-04
1.1675701e-04
4.5798311e-05
-3.9383053e-05
-1.2663006e-04
-1.9785133e-04
-2.3610858e-04
-2.3216392e-04
-1.8759421e-04
-1.1394367e-04
-2.8781151e-05
4.9821393e-05
1.0829078e-04
1.4007420e-04
1.4523253e-04
1.2844659e-04
9.7009123e-05
5.9199396e-05
2.2809891e-05
-5.9899068e-06
-2.3193357e-05
-2.7635927e-05
-2.1688015e-05
-8.7969824e-06
8.1031102e-06
2.6635755e-05
4.4818512e-05
6.0878197e-05
7.3014698e-05
7.9380031e-05
7.8951674e-05
7.3082723e-05
6.6052685e-05
6.3335523e-05
6.8586086e-05
8.1736460e-05
9.9600626e-05
1.1824748e-04
1.3494724e-04
1.4790162e-04
1.5403300e-04
1.4712389e-04
1.1750488e-04
5.4986976e-05
-4.5516644e-05
-1.7997593e-04
-3.3288198e-04
-4.7788967e-04
-5.8286417e-04
-6.1893711e-04
-5.7046933e-04
-4.4166894e-04
-2.5697504e-04
-5.4640977e-05
1.2487792e-04
2.5193237e-04
3.1679771e-04
3.3058707e-04
3.1726219e-04
3.0046155e-04
2.9176502e-04
2.8825850e-04
2.8462670e-04
2.7387558e-04
2.5003550e-04
2.1260177e-04
1.6696922e-04
1.2147321e-04
8.3240138e-05
5.5131879e-05
3.5082227e-05
1.7773787e-05
-2.4044712e-06
-2.8536089e-05
-5.9755665e-05
-9.1882232e-05
-1.1962524e-04
-1.3875520e-04
-1.4668382e-04
-1.4150970e-04
-1.2138960e-04
-8.5586724e-05
-3.6784470e-05
2.1352228e-05
7.6043992e-05
1.0716050e-04
9.7777070e-05
4.4979245e-05
-3.5537392e-05
-1.1401697e-04
-1.5833669e-04
-1.4727696e-04
-7.9428329e-05
2.5951335e-05
1.3633622e-04
2.1814244e-04
2.4823579e-04
2.2025675e-04
1.4412645e-04
3.9652380e-05
-7.2584153e-05
-1.7668023e-04
-2.5965275e-04
-3.1709705e-04
-3.4984466e-04
-3.5869129e-04
-3.4210052e-04
-2.9756479e-04
-2.2540309e-04
-1.3211294e-04
-3.0893582e-05
6.1013360e-05
1.2691931e-04
1.5564542e-04
1.4527770e-04
1.0421495e-04
4.8855484e-05
-1.4219875e-06
-3.0430885e-05
-3.0408003e-05
-4.2592307e-06
3.5615377e-05
7.3947416e-05
1.0097720e-04
1.1369089e-04
1.1494816e-04
1.0992039e-04
1.0167602e-04
8.9121635e-05
6.8607677e-05
3.7481539e-05
-3.4720972e-06
-5.0311377e-05
-9.8102742e-05
-1.4294661e-04
-1.8219795e-04
-2.1257240e-04
-2.2771055e-04
-2.1785671e-04
-1.7322664e-04
-8.9877660e-05
2.5886918e-05
1.5785367e-04
2.8498070e-04
3.8540239e-04
4.4172455e-04
4.4510531e-04
3.9748989e-04
3.1117100e-04
2.0506258e-04
9.8655714e-05
6.0355341e-06
-6.7765856e-05
-1.2699797e-04
-1.8209704e-04
-2.4414974e-04
-3.1860942e-04
-4.0101454e-04
-4.7755245e-04
-5.3097433e-04
-5.4863016e-04
-5.2701174e-04
-4.7317317e-04
-4.0294519e-04
-3.2882156e-04
-2.5499700e-04
-1.7919928e-04
-9.7553934e-05
-9.0190716e-06
8.2663688e-05
1.7005568e-04
2.4529523e-04
3.0334072e-04
3.4294037e-04
3.6484758e-04
3.6888573e-04
3.5219777e-04
3.1013642e-04
2.3953123e-04
1.4226976e-04
2.6782275e-05
-9.1553810e-05
-1.9076476e-04
-2.5606987e-04
-2.7900746e-04
-2.5785881e-04
-1.9966050e-04
-1.1999491e-04
-3.8995673e-05
2.5040819e-05
6.1489806e-05
7.0355515e-05
6.1348210e-05
4.9463749e-05
4.8850760e-05
6.7387713e-05
1.0395641e-04
1.4940423e-04
1.9092530e-04
2.1810789e-04
2.2765309e-04
2.2329822e-04
2.1230665e-04
2.0167876e-04
1.8965887e-04
1.6419422e-04
1.0783502e-04
6.5943894e-06
-1.4071685e-04
-3.1610905e-04
-4.8229284e-04
-5.9156616e-04
-6.0297139e-04
-5.0080278e-04
-3.0428856e-04
-6.2529829e-05
1.6261779e-04
3.1708056e-04
3.6997204e-04
3.1967528e-04
1.9102137e-04
2.7835124e-05
-1.1582405e-04
-1.9772640e-04
-1.9980468e-04
-1.2918415e-04
-1.2099716e-05
1.1556246e-04
2.1834371e-04
2.7020842e-04
2.6080438e-04
1.9727640e-04
1.0100871e-04
4.4397424e-07
-7.7794449e-05
-1.1686837e-04
-1.1389242e-04
-7.8392380e-05
-2.6221401e-05
2.7274546e-05
7.1533595e-05
1.0169494e-04
1.1618384e-04
1.1780457e-04
1.1182246e-04
1.0359877e-04
9.7374496e-05
9.4884282e-05
9.4541311e-05
9.1712043e-05
7.9903331e-05
5.2752640e-05
6.9978601e-06
-5.4249288e-05
-1.2007205e-04
-1.7409965e-04
-2.0032157e-04
-1.8991656e-04
-1.4599595e-04
-8.3796900e-05
-2.5576900e-05
6.9112819e-06
-2.4025697e-06
-5.4444978e-05
-1.2945200e-04
-1.9525073e-04
-2.2266182e-04
-1.9917413e-04
-1.3440347e-04
-5.5305820e-05
6.0532490e-06
2.6408672e-05
1.1809159e-06
-5.3297211e-05
-1.0620180e-04
-1.2525135e-04
-9.1227146e-05
-7.3495794e-06
1.0149275e-04
2.0016360e-04
2.6022339e-04
2.7198982e-04
2.4699579e-04
2.1430694e-04
2.0489491e-04
2.3742253e-04
3.0943250e-04
3.9861273e-04
4.7249871e-04
5.0088404e-04
4.6477355e-04
3.5862548e-04
1.8679845e-04
-4.2020086e-05
-3.1850442e-04
-6.3221796e-04
-9.6681101e-04
-1.2936968e-03
-1.5697545e-03
-1.7436607e-03
-1.7699290e-03
-1.6247060e-03
-1.3188848e-03
-8.9398259e-04
-4.0647503e-04
8.4201883e-05
5.2420988e-04
8.7220216e-04
1.1042495e-03
1.2152499e-03
1.2157076e-03
1.1246851e-03
9.6242140e-04
7.4702613e-04
4.9646153e-04
2.3250519e-04
-1.7710911e-05
-2.2466908e-04
-3.6320698e-04
-4.2026835e-04
-4.0003209e-04
-3.2341469e-04
-2.2511644e-04
-1.3859360e-04
-8.7177430e-05
-7.9929271e-05
-1.1068086e-04
-1.6138586e-04
-2.0899825e-04
-2.3383191e-04
-2.2615316e-04
-1.8807689e-04
-1.3030008e-04
-6.6169039e-05
-6.7583003e-06
4.0843544e-05
7.2660155e-05
8.6629590e-05
8.2816998e-05
6.5059068e-05
4.2292327e-05
2.5351494e-05
2.1004790e-05
2.8598855e-05
3.9392632e-05
3.9354330e-05
1.4589247e-05
-4.1689821e-05
-1.2405845e-04
-2.1481771e-04
-2.8955899e-04
-3.2575793e-04
-3.1063266e-04
-2.4561486e-04
-1.4621945e-04
-3.6990573e-05
5.7409140e-05
1.2162848e-04
1.5474341e-04
1.6769557e-04
1.7431690e-04
1.8238634e-04
1.9228243e-04
1.9738624e-04
1.8625183e-04
1.5033532e-04
9.0356546e-05
1.7557906e-05
-5.0454301e-05
-9.6594642e-05
-1.1053579e-04
-9.2224110e-05
-5.1846517e-05
-6.1776582e-06
2.7641422e-05
3.8554996e-05
2.5672423e-05
-1.5993684e-06
-2.7583800e-05
-3.7537267e-05
-2.5483051e-05
3.9301152e-06
4.3764382e-05
8.6170504e-05
1.1984315e-04
1.3596649e-04
1.3343875e-04
1.1699548e-04
9.1327072e-05
5.7844044e-05
1.6581175e-05
-3.0521801e-05
-7.9617872e-05
-1.2796644e-04
-1.7554071e-04
-2.2265686e-04
-2.6616483e-04
-2.9853521e-04
-3.1094905e-04
-2.9749657e-04
-2.5710784e-04
-1.9325076e-04
-1.1420163e-04
-3.1995256e-05
4.2402255e-05
9.9618588e-05
1.3094908e-04
1.2975169e-04
9.4809890e-05
3.3107130e-05
-4.0465855e-05
-1.0708811e-04
-1.5004595e-04
-1.5998445e-04
-1.3700889e-04
-8.9182267e-05
-2.8857366e-05
3.1303899e-05
8.1484806e-05
1.1644674e-04
1.3543303e-04
1.4126343e-04
1.3979775e-04
1.3507890e-04
1.2711034e-04
1.1463586e-04
9.8339567e-05
8.1136255e-05
6.5959373e-05
5.3640344e-05
4.2512995e-05
2.9373409e-05
1.0980465e-05
-1.4270482e-05
-4.5114454e-05
-7.7480096e-05
-1.0585717e-04
-1.2493362e-04
-1.3067878e-04
-1.2110211e-04
-9.7046566e-05
-6.2610160e-05
-2.4811975e-05
1.2107230e-05
4.6060479e-05
7.5180112e-05
9.6774657e-05
1.0741316e-04
1.0403899e-04
8.5481084e-05
5.3727727e-05
1.4414013e-05
-2.3891309e-05
-5.1599393e-05
-6.0764246e-05
-4.7932424e-05
-1.6565524e-05
2.2112706e-05
5.1537280e-05
5.6093415e-05
2.8885490e-05
-2.3499693e-05
-8.4026088e-05
-1.3347901e-04
-1.5463868e-04
-1.3773405e-04
-8.3564713e-05
-2.8445650e-06
8.7068218e-05
1.6659451e-04
2.1853645e-04
2.3188121e-04
2.0392956e-04
1.4068055e-04
5.5833644e-05
-3.1821991e-05
-1.0294121e-04
-1.4301588e-04
-1.4636140e-04
-1.1696349e-04
-6.6270156e-05
-1.1102650e-05
2.8165808e-05
4.1123560e-05
2.8201724e-05
-1.7226380e-06
-3.5287709e-05
-5.9734066e-05
-6.7256422e-05
-5.6990233e-05
-3.4285965e-05
-8.1506280e-06
1.1927178e-05
1.8806618e-05
9.4845441e-06
-1.4518965e-05
-4.7906557e-05
-8.2807454e-05
-1.1015937e-04
-1.2148489e-04
-1.1111137e-04
-7.8901657e-05
-3.1699683e-05
2.0953490e-05
6.8707583e-05
1.0224049e-04
1.1511094e-04
1.0512218e-04
7.5127527e-05
3.2587584e-05
-1.2446642e-05
-5.0061055e-05
-7.2648820e-05
-7.6068495e-05
-6.0019185e-05
-2.7720605e-05
1.5049172e-05
6.1000000e-05
1.0186427e-04
1.2879459e-04
1.3375533e-04
1.1266335e-04
6.8841608e-05
1.2529579e-05
-4.1823470e-05
-8.0497129e-05
-9.5933405e-05
-8.9808642e-05
-7.1839063e-05
-5.5081499e-05
-5.0295899e-05
-6.1678292e-05
-8.5205483e-05
-1.1009843e-04
-1.2298887e-04
-1.1311960e-04
-7.6406563e-05
-1.6829648e-05
5.5189964e-05
1.2655668e-04
1.8571557e-04
2.2443964e-04
2.3715993e-04
2.2480624e-04
1.9319685e-04
1.5010459e-04
1.0248788e-04
5.4660684e-05
8.3732102e-06
-3.5334457e-05
-7.4071319e-05
-1.0348179e-04
-1.1843708e-04
-1.1521264e-04
-9.3542180e-05
-5.7532746e-05
-1.4780196e-05
2.6070455e-05
5.8207621e-05
7.8769674e-05
8.9338743e-05
9.3817496e-05
9.3678035e-05
8.8850356e-05
7.7053652e-05
5.4557855e-05
1.9028048e-05
-2.7504596e-05
-7.7473363e-05
-1.1926209e-04
-1.4075830e-04
-1.3357145e-04
-9.6412000e-05
-3.6351211e-05
3.2771265e-05
9.4502556e-05
1.3502031e-04
1.4731088e-04
1.3237410e-04
9.6887731e-05
4.8864948e-05
-5.5971934e-06
-6.2764221e-05
-1.2043399e-04
-1.7439933e-04
-2.1661753e-04
-2.3581946e-04
-2.2116204e-04
-1.6798348e-04
-8.2595912e-05
1.7507522e-05
1.0915320e-04
1.7187221e-04
1.9451559e-04
1.7725984e-04
1.2966763e-04
6.7348892e-05
8.6944775e-06
-2.8822010e-05
-3.3345962e-05
-3.0245635e-06
5.2232525e-05
1.1381313e-04
1.6114717e-04
1.7835299e-04
1.5837032e-04
1.0464847e-04
3.0335963e-05
-4.5700753e-05
-1.0523209e-04
-1.3666196e-04
-1.3799036e-04
-1.1595773e-04
-8.2377264e-05
-4.9388399e-05
-2.5277219e-05
-1.2073456e-05
-5.6860084e-06
1.2957098e-06
1.5237308e-05
3.7781877e-05
6.4335378e-05
8.4911246e-05
9.0805297e-05
7.8157778e-05
4.9104102e-05
1.1077319e-05
-2.5630335e-05
-5.1275739e-05
-5.9478680e-05
-4.8358567e-05
-2.0235602e-05
1.9197501e-05
6.1809699e-05
9.8409621e-05
1.2070716e-04
1.2308563e-04
1.0334030e-04
6.2619957e-05
5.5050428e-06
-5.9600212e-05
-1.2034502e-04
-1.6252030e-04
-1.7586639e-04
-1.5399470e-04
-9.6233182e-05
-1.0562082e-05
8.5862581e-05
1.7051777e-04
2.2255397e-04
2.2964114e-04
1.9136921e-04
1.1786255e-04
2.4759945e-05
-7.2270641e-05
-1.6048431e-04
-2.3008565e-04
-2.7338745e-04
-2.8526110e-04
-2.6522297e-04
-2.1946804e-04
-1.6117673e-04
-1.0836737e-04
-7.4815617e-05
-6.4977176e-05
-7.3640543e-05
-8.8765787e-05
-9.6289392e-05
-8.4821554e-05
-4.8782492e-05
1.0113400e-05
8.2695149e-05
1.5411178e-04
2.0831071e-04
2.3408658e-04
2.2964236e-04
2.0296367e-04
1.6767590e-04
1.3651996e-04
1.1560695e-04
1.0193332e-04
8.6053636e-05
5.9870275e-05
2.0282403e-05
-2.8956741e-05
-7.8169823e-05
-1.1532052e-04
-1.3066888e-04
-1.2025491e-04
-8.7197536e-05
-4.1140064e-05
3.7202100e-06
3.2215621e-05
3.3412422e-05
5.8726643e-06
-4.0104350e-05
-8.5600799e-05
-1.1072939e-04
-1.0305461e-04
-6.2741934e-05
-2.3880316e-06
5.6864130e-05
9.1875678e-05
9.0909500e-05
5.7421601e-05
6.7255786e-06
-4.1048123e-05
-6.8510488e-05
-6.6876991e-05
-3.8854028e-05
2.6859723e-06
4.0439265e-05
6.0539627e-05
5.8379315e-05
3.8973632e-05
1.2100684e-05
-1.3698340e-05
-3.3852187e-05
-4.6466015e-05
-4.9897600e-05
-4.2237446e-05
-2.2867459e-05
6.6351623e-06
4.2952530e-05
7.8244062e-05
1.0147717e-04
1.0270590e-04
7.7614847e-05
3.0343614e-05
-2.6857560e-05
-7.7500153e-05
-1.0708534e-04
-1.0886883e-04
-8.6050411e-05
-4.9292293e-05
-1.1258212e-05
1.8751464e-05
3.7459629e-05
4.6624629e-05
4.9551518e-05
4.7686733e-05
4.0248309e-05
2.7048414e-05
6.9752917e-06
-2.0388237e-05
-5.3437478e-05
-8.8493023e-05
-1.1998554e-04
-1.4081027e-04
-1.4339797e-04
-1.2209202e-04
-7.6518226e-05
-1.4291641e-05
4.9016443e-05
9.3582638e-05
1.0182869e-04
6.5346353e-05
-1.0822325e-05
-1.0885028e-04
-2.0378804e-04
-2.7194099e-04
-2.9744900e-04
-2.7250126e-04
-2.0017930e-04
-9.5842490e-05
1.7550111e-05
1.1653314e-04
1.8356951e-04
2.1117813e-04
2.0276552e-04
1.7026879e-04
1.2986008e-04
9.7395326e-05
8.4752037e-05
9.7344772e-05
1.3284575e-04
1.8146562e-04
2.2820087e-04
2.5678387e-04
2.5426824e-04
2.1496004e-04
1.4288538e-04
4.8945508e-05
-5.4712153e-05
-1.5410001e-04
-2.3709502e-04
-2.9667563e-04
-3.3173208e-04
-3.4505454e-04
-3.3958839e-04
-3.1520862e-04
-2.6810126e-04
-1.9325987e-04
-8.8715157e-05
4.1049301e-05
1.8478412e-04
3.2754760e-04
4.5507230e-04
5.5682532e-04
6.2664498e-04
6.6161814e-04
6.6060383e-04
6.2683719e-04
5.6944571e-04
4.9358396e-04
3.9653734e-04
2.7071058e-04
1.1117460e-04
-7.6241174e-05
-2.7135095e-04
-4.4314518e-04
-5.5916698e-04
-5.9677277e-04
-5.5180647e-04
-4.4117842e-04
-2.9763343e-04
-1.5788086e-04
-4.8961442e-05
2.0500781e-05
6.0178379e-05
9.0347092e-05
1.3046946e-04
1.8690365e-04
2.5338812e-04
3.1552911e-04
3.5490675e-04
3.5451565e-04
3.0572042e-04
2.1373101e-04
9.7772065e-05
-1.4997107e-05
-9.8663557e-05
-1.3616065e-04
-1.2270143e-04
-6.5399308e-05
1.9574819e-05
1.1116234e-04
1.8765989e-04
2.3012233e-04
2.2535085e-04
1.6938201e-04
7.1978379e-05
-4.4442993e-05
-1.5671720e-04
-2.4257936e-04
-2.8485073e-04
-2.7611544e-04
-2.2020536e-04
-1.3025809e-04
-2.4814456e-05
7.6188399e-05
1.5465448e-04
1.9687694e-04
1.9551601e-04
1.5078128e-04
7.0466564e-05
-3.1402779e-05
-1.3720998e-04
-2.2899897e-04
-2.9136692e-04
-3.1369039e-04
-2.9247470e-04
-2.3196953e-04
-1.4252980e-04
-4.1354803e-05
5.1376389e-05
1.1845562e-04
1.5049930e-04
1.4756046e-04
1.1762237e-04
7.3497816e-05
2.9102948e-05
-4.6317777e-06
-2.3402795e-05
-3.1131530e-05
-3.8158067e-05
-5.6002153e-05
-9.0639790e-05
-1.3782854e-04
-1.8366606e-04
-2.1072410e-04
-2.0558032e-04
-1.6419959e-04
-9.6000887e-05
-1.9499656e-05
4.4947741e-05
8.2525506e-05
8.9439695e-05
7.4273435e-05
5.3955705e-05
4.5947278e-05
6.0744666e-05
9.8313185e-05
1.4924658e-04
1.9907222e-04
2.3346622e-04
2.4235527e-04
2.2147997e-04
1.7158011e-04
9.6976494e-05
5.0626336e-06
-9.2461749e-05
-1.7997582e-04
-2.4775912e-04
-2.8787799e-04
-2.9390105e-04
-2.6440521e-04
-2.0649100e-04
-1.3675044e-04
-7.8029971e-05
-5.2590488e-05
-7.3923682e-05
-1.3999189e-04
-2.3086234e-04
-3.1312843e-04
-3.5092984e-04
-3.1953191e-04
-2.1511937e-04
-5.6020596e-05
1.2471373e-04
2.9127381e-04
4.1567429e-04
4.8453318e-04
5.0288374e-04
4.8834988e-04
4.6096049e-04
4.3289329e-04
4.0302804e-04
3.5883129e-04
2.8473143e-04
1.7297357e-04
3.1444575e-05
-1.1568440e-04
-2.3529044e-04
-2.9779244e-04
-2.8937714e-04
-2.1811603e-04
-1.1081852e-04
-2.2685955e-06
7.7699410e-05
1.1348432e-04
1.0609622e-04
6.4217999e-05
2.3559101e-07
-6.9921135e-05
-1.2987495e-04
-1.6623302e-04
-1.7145110e-04
-1.4554026e-04
-9.5561272e-05
-3.2745444e-05
3.1297343e-05
8.7273338e-05
1.2883430e-04
1.5171943e-04
1.5282382e-04
1.3041176e-04
8.5677635e-05
2.4489581e-05
-4.2471310e-05
-1.0200174e-04
-1.4155858e-04
-1.5031804e-04
-1.2303115e-04
-6.3138220e-05
1.8263191e-05
1.0500981e-04
1.7864695e-04
2.2148717e-04
2.2057784e-04
1.7214907e-04
8.4426069e-05
-2.3407331e-05
-1.2635174e-04
-2.0084426e-04
-2.3126433e-04
-2.1370339e-04
-1.5642480e-04
-7.7004182e-05
3.6017739e-06
6.8377323e-05
1.0911592e-04
1.2450565e-04
1.1881853e-04
1.0604325e-04
1.0730830e-04
1.4068180e-04
2.0879173e-04
2.9260610e-04
3.5699346e-04
3.6614371e-04
3.0079234e-04
1.6867685e-04
3.4835126e-06
-1.4739802e-04
-2.4147603e-04
-2.5844009e-04
-2.0848871e-04
-1.2765325e-04
-6.2112842e-05
-4.8648291e-05
-1.0025093e-04
-2.0452936e-04
-3.3067888e-04
-4.3871803e-04
-4.9326496e-04
-4.7571498e-04
-3.9052111e-04
-2.6342004e-04
-1.3211638e-04
-3.2698916e-05
1.3062815e-05
4.5260029e-06
-3.9351827e-05
-8.8562255e-05
-1.1357451e-04
-9.5232109e-05
-2.9791657e-05
7.1568433e-05
1.8725341e-04
2.9176708e-04
3.6204684e-04
3.8580805e-04
3.6502714e-04
3.1408608e-04
2.5331341e-04
1.9922074e-04
1.5703946e-04
1.1968175e-04
7.3577372e-05
7.9311760e-06
-7.7628183e-05
-1.7062013e-04
-2.4926823e-04
-2.9041083e-04
-2.7871113e-04
-2.1350137e-04
-1.1023848e-04
4.2573626e-06
1.0084826e-04
1.5774879e-04
1.6648780e-04
1.2962637e-04
6.0600825e-05
-1.9506512e-05
-8.9074549e-05
-1.3240125e-04
-1.4331598e-04
-1.2489892e-04
-8.6125611e-05
-3.7652722e-05
1.1234258e-05
5.3982180e-05
8.7211775e-05
1.1091511e-04
1.2814596e-04
1.4355517e-04
1.6066690e-04
1.7871154e-04
1.9062304e-04
1.8400840e-04
1.4718478e-04
7.9132243e-05
-1.0423234e-05
-1.0251786e-04
-1.7415666e-04
-2.0656349e-04
-1.9238869e-04
-1.3860685e-04
-6.4083232e-05
7.0359347e-06
5.3576941e-05
6.4277189e-05
4.0958892e-05
-3.1679579e-06
-4.9261183e-05
-8.0071715e-05
-8.5495615e-05
-6.4485862e-05
-2.3443050e-05
2.7192880e-05
7.5723593e-05
1.1178218e-04
1.3201387e-04
1.3851432e-04
1.3636084e-04
1.3134099e-04
1.2787648e-04
1.2792261e-04
1.3098940e-04
1.3459533e-04
1.3444835e-04
1.2451941e-04
9.7864592e-05
4.8886279e-05
-2.3200398e-05
-1.1122100e-04
-1.9951683e-04
-2.6751260e-04
-2.9653703e-04
-2.7692123e-04
-2.1235954e-04
-1.2029047e-04
-2.3707164e-05
5.6299192e-05
1.0577429e-04
1.1982724e-04
1.0136997e-04
5.8493134e-05
2.5087886e-06
-5.3087115e-05
-9.4182660e-05
-1.0902811e-04
-9.1798648e-05
-4.5286075e-05
1.8389275e-05
7.9851246e-05
1.1769596e-04
1.1609830e-04
7.2429104e-05
1.3571698e-06
-6.8285560e-05
-1.0510365e-04
-8.8755032e-05
-1.5543630e-05
1.0044940e-04
2.3039767e-04
3.3775800e-04
3.8739776e-04
3.5491079e-04
2.3455301e-04
4.3901467e-05
-1.7730388e-04
-3.7592430e-04
-5.0062313e-04
-5.1878491e-04
-4.2853939e-04
-2.6022335e-04
-6.5827074e-05
9.9358388e-05
1.9538629e-04
2.0838986e-04
1.4710587e-04
3.8845600e-05
-7.8727752e-05
-1.7009347e-04
-2.1167757e-04
-1.9615304e-04
-1.3164843e-04
-3.8119580e-05
5.7085194e-05
1.2407159e-04
1.3635076e-04
7.8286848e-05
-4.7135997e-05
-2.1343739e-04
-3.7259910e-04
-4.6619913e-04
-4.4454010e-04
-2.8799454e-04
-2.0903145e-05
2.9170427e-04
5.6699695e-04
7.3483880e-04
7.6311628e-04
6.6455298e-04
4.8510478e-04
2.8271682e-04
1.0627141e-04
-1.7782256e-05
-8.7372680e-05
-1.1659540e-04
-1.2314941e-04
-1.1836451e-04
-1.0406343e-04
-7.6216380e-05
-3.2092961e-05
2.3523260e-05
7.6890055e-05
1.1026604e-04
1.1118648e-04
8.0715632e-05
2.9638625e-05
-2.8832237e-05
-7.4270330e-05
-8.4531327e-05
-4.6548225e-05
3.5463767e-05
1.3914482e-04
2.3122456e-04
2.7992126e-04
2.6760669e-04
1.9842711e-04
9.7176970e-05
-6.2676554e-07
-6.3456597e-05
-7.6871473e-05
-4.9038460e-05
-5.9982479e-06
2.1087794e-05
1.0539785e-05
-4.0544655e-05
-1.1756436e-04
-1.9589112e-04
-2.4907938e-04
-2.5880021e-04
-2.2148676e-04
-1.4874143e-04
-6.2123845e-05
1.4879939e-05
6.4454158e-05
7.9091712e-05
6.2026369e-05
2.4072367e-05
-2.0856947e-05
-5.9323782e-05
-8.0559709e-05
-7.8334938e-05
-5.2992044e-05
-1.2189700e-05
3.1410056e-05
6.4986681e-05
8.2605322e-05
8.9384303e-05
9.5752307e-05
1.1245544e-04
1.4636488e-04
1.9741619e-04
2.5772853e-04
3.1302000e-04
3.4545334e-04
3.3710861e-04
2.7400149e-04
1.5061165e-04
-2.6028485e-05
-2.3461744e-04
-4.4227102e-04
-6.1204238e-04
-7.1268825e-04
-7.2638622e-04
-6.5191667e-04
-5.0525445e-04
-3.1960632e-04
-1.2940604e-04
3.8194396e-05
1.6686284e-04
2.5129041e-04
2.9412282e-04
3.0171548e-04
2.8141260e-04
2.4174646e-04
1.9415229e-04
1.5301188e-04
1.3206228e-04
1.3829516e-04
1.6672791e-04
1.9964747e-04
2.1222649e-04
1.8325028e-04
1.0626382e-04
-5.2438637e-06
-1.2342927e-04
-2.2053628e-04
-2.7617140e-04
-2.8697025e-04
-2.6607312e-04
-2.3330794e-04
-2.0358970e-04
-1.7952396e-04
-1.5157182e-04
-1.0525125e-04
-3.1231616e-05
6.7241229e-05
1.7340474e-04
2.6251794e-04
3.1079696e-04
3.0406622e-04
2.4325109e-04
1.4476137e-04
3.5267233e-05
-5.7363063e-05
-1.1426032e-04
-1.2954545e-04
-1.0703488e-04
-6.0509822e-05
-9.8883519e-06
2.4292644e-05
2.7241662e-05
-4.4470197e-06
-6.0881948e-05
-1.2292755e-04
-1.7098880e-04
-1.9385120e-04
-1.9270509e-04
-1.7880176e-04
-1.6690658e-04
-1.6804691e-04
-1.8439108e-04
-2.0805647e-04
-2.2435106e-04
-2.1808756e-04
-1.8106355e-04
-1.1694257e-04
-3.7192560e-05
4.1511456e-05
1.0230097e-04
1.3445035e-04
1.3746386e-04
1.2105330e-04
1.0119955e-04
9.4201895e-05
1.1088770e-04
1.5252143e-04
2.0955542e-04
2.6406610e-04
2.9560744e-04
2.8860105e-04
2.3845685e-04
1.5391605e-04
5.4542344e-05
-3.5810462e-05
-9.6154015e-05
-1.1322777e-04
-8.7116645e-05
-3.4343981e-05
1.7818130e-05
4.1938494e-05
2.0948666e-05
-4.5492936e-05
-1.4131144e-04
-2.4071998e-04
-3.1802668e-04
-3.5596029e-04
-3.4931598e-04
-3.0363388e-04
-2.3097761e-04
-1.4547140e-04
-6.0233287e-05
1.4301507e-05
7.1553871e-05
1.0971702e-04
1.3098129e-04
1.3991340e-04
1.4305392e-04
1.4375234e-04
1.4101415e-04
1.3229930e-04
1.1712267e-04
9.8771684e-05
8.2906229e-05
7.4200206e-05
7.3614217e-05
7.8195750e-05
8.3229065e-05
8.5051866e-05
8.2804488e-05
7.8084667e-05
7.2635314e-05
6.5731298e-05
5.3503223e-05
3.1132281e-05
-2.7090345e-06
-4.3973088e-05
-8.5025674e-05
-1.1227839e-04
-1.1134431e-04
-7.5206909e-05
-9.7740458e-06
6.6591056e-05
1.2959577e-04
1.5859282e-04
1.4486138e-04
9.4863757e-05
2.6933217e-05
-3.7067564e-05
-8.0923369e-05
-9.9584973e-05
-9.8974697e-05
-9.0903515e-05
-8.5487240e-05
-8.4354101e-05
-8.0344218e-05
-6.6146845e-05
-3.6066757e-05
1.2801579e-05
7.6800666e-05
1.4394859e-04
1.9683849e-04
2.1861749e-04
1.9878185e-04
1.3681495e-04
4.3450545e-05
-6.0778385e-05
-1.5060638e-04
-2.0402917e-04
-2.0992889e-04
-1.7166344e-04
-1.0513518e-04
-3.2376263e-05
2.6901206e-05
6.2905031e-05
7.9007446e-05
8.7633328e-05
1.0523336e-04
1.4479376e-04
2.0925424e-04
2.8845270e-04
3.6048809e-04
3.9752250e-04
3.7484131e-04
2.8040380e-04
1.2089472e-04
-7.8891906e-05
-2.8311874e-04
-4.5488666e-04
-5.6514849e-04
-5.9821018e-04
-5.5304228e-04
-4.4075570e-04
-2.7975647e-04
-9.0889923e-05
1.0337616e-04
2.7471859e-04
4.0351708e-04
4.7906813e-04
4.9790895e-04
4.6295226e-04
3.8181599e-04
2.6528691e-04
1.2695973e-04
-1.6539973e-05
-1.4651756e-04
-2.4526631e-04
-3.0009352e-04
-3.0614393e-04
-2.6692813e-04
-1.9326509e-04
-1.0162329e-04
-1.1630238e-05
5.8057723e-05
9.5152434e-05
9.8409762e-05
7.6611733e-05
4.4164733e-05
1.6681422e-05
5.4420934e-06
1.3448850e-05
3.4860155e-05
5.7506697e-05
6.7285025e-05
5.2909073e-05
9.1302127e-06
-6.2657278e-05
-1.5534192e-04
-2.5661878e-04
-3.4899128e-04
-4.1138002e-04
-4.2432056e-04
-3.7781984e-04
-2.7782802e-04
-1.4680567e-04
-1.6808568e-05
8.2340643e-05
1.3634716e-04
1.5191472e-04
1.5054504e-04
1.5563794e-04
1.8105411e-04
2.2664874e-04
2.8093166e-04
3.2746184e-04
3.5144253e-04
3.4423922e-04
3.0463598e-04
2.3709618e-04
1.4891006e-04
4.8376556e-05
-5.5199265e-05
-1.5066111e-04
-2.2517758e-04
-2.6680915e-04
-2.6896687e-04
-2.3517089e-04
-1.7541305e-04
-1.0630005e-04
-4.7041211e-05
-1.3101220e-05
-1.1720031e-05
-4.0907519e-05
-9.1440022e-05
-1.5025137e-04
-2.0378058e-04
-2.4059616e-04
-2.5304759e-04
-2.3780027e-04
-1.9549699e-04
-1.3010749e-04
-4.8104760e-05
4.2658807e-05
1.3387855e-04
2.1684914e-04
2.8165403e-04
3.1916826e-04
3.2351580e-04
2.9118626e-04
2.2434666e-04
1.3278399e-04
3.2491634e-05
-5.9589693e-05
-1.3227928e-04
-1.8404264e-04
-2.2121027e-04
-2.5181053e-04
-2.7945047e-04
-3.0119021e-04
-3.1032558e-04
-3.0194569e-04
-2.7751665e-04
-2.4536402e-04
-2.1680063e-04
-2.0067295e-04
-1.9828770e-04
-1.9936351e-04
-1.8590969e-04
-1.4227644e-04
-6.1374631e-05
5.1574554e-05
1.7783955e-04
2.8862549e-04
3.5380455e-04
3.5363694e-04
2.8902830e-04
1.8511098e-04
8.4060569e-05
2.7329390e-05
3.4328425e-05
8.9882977e-05
1.5065143e-04
1.6916312e-04
1.2085664e-04
1.6554630e-05
-1.0719401e-04
-2.1433460e-04
-2.8323435e-04
-3.0759675e-04
-2.9335227e-04
-2.5262876e-04
-1.9806238e-04
-1.3962528e-04
-8.4129537e-05
-3.6109794e-05
1.4551392e-06
2.7096134e-05
4.1000447e-05
4.5030052e-05
4.2762170e-05
3.9366265e-05
4.0607033e-05
5.0621701e-05
6.9387922e-05
9.1770150e-05
1.0895504e-04
1.1286626e-04
9.8874495e-05
6.8542013e-05
2.8882646e-05
-1.0955259e-05
-4.2848488e-05
-6.1665884e-05
-6.5928129e-05
-5.7073647e-05
-3.7554483e-05
-9.0812359e-06
2.7426537e-05
7.0194953e-05
1.1496911e-04
1.5507203e-04
1.8328712e-04
1.9431697e-04
1.8639618e-04
1.6146102e-04
1.2434262e-04
8.0448327e-05
3.2879793e-05
-1.5190345e-05
-5.9246240e-05
-9.3461801e-05
-1.1208433e-04
-1.1172797e-04
-9.3418303e-05
-6.3019016e-05
-2.9313087e-05
-4.4186622e-07
1.9376395e-05
3.1034098e-05
3.9316225e-05
5.0478717e-05
6.9839078e-05
9.9720000e-05
1.3799375e-04
1.7791362e-04
2.0922658e-04
2.2048473e-04
2.0327244e-04
1.5498808e-04
8.0046676e-05
-1.1336559e-05
-1.0624616e-04
-1.9262934e-04
-2.6162554e-04
-3.0777651e-04
-3.2781206e-04
-3.1983379e-04
-2.8385091e-04
-2.2265115e-04
-1.4158915e-04
-4.7338894e-05
5.3030444e-05
1.5157546e-04
2.3820667e-04
3.0059185e-04
3.2674953e-04
3.1036803e-04
2.5466841e-04
1.7225069e-04
8.2688690e-05
8.1490862e-06
-3.3180220e-05
-3.3911583e-05
-3.8957580e-07
5.0967010e-05
1.0161845e-04
1.3746515e-04
1.5053195e-04
1.3758844e-04
9.9543556e-05
4.2357953e-05
-2.2997964e-05
-8.3080431e-05
-1.2553665e-04
-1.4165317e-04
-1.2746608e-04
-8.5155560e-05
-2.2891006e-05
4.5551228e-05
1.0377283e-04
1.3713444e-04
1.3698759e-04
1.0399585e-04
4.8614924e-05
-1.3428286e-05
-6.9503754e-05
-1.1706704e-04
-1.6384133e-04
-2.2012367e-04
-2.8780860e-04
-3.5352747e-04
-3.9111275e-04
-3.7296024e-04
-2.8472881e-04
-1.3582863e-04
4.0967026e-05
2.0252205e-04
3.1139684e-04
3.4915777e-04
3.2129647e-04
2.5162768e-04
1.7048845e-04
1.0282886e-04
6.1081942e-05
4.4704243e-05
4.5094336e-05
5.2520146e-05
6.1396200e-05
7.1492613e-05
8.4657320e-05
9.9073769e-05
1.0542122e-04
8.9231431e-05
3.9485821e-05
-4.2037450e-05
-1.3734328e-04
-2.1957460e-04
-2.6377517e-04
-2.5642406e-04
-2.0042240e-04
-1.1280959e-04
-1.6891611e-05
6.6737979e-05
1.2575747e-04
1.5698505e-04
1.6421256e-04
1.5495748e-04
1.3713530e-04
1.1624512e-04
9.3826974e-05
6.7873254e-05
3.5254522e-05
-4.8308318e-06
-4.8527225e-05
-8.8135568e-05
-1.1541645e-04
-1.2452114e-04
-1.1582951e-04
-9.6649042e-05
-7.8593088e-05
-7.2401326e-05
-8.2808219e-05
-1.0539954e-04
-1.2717894e-04
-1.3158135e-04
-1.0614122e-04
-4.8631619e-05
3.1872969e-05
1.1897777e-04
1.9504318e-04
2.4649729e-04
2.6719230e-04
2.5950477e-04
2.3291912e-04
2.0033856e-04
1.7307896e-04
1.5763600e-04
1.5439593e-04
1.5486262e-04
1.4460868e-04
1.1008543e-04
4.5754203e-05
-4.1600622e-05
-1.3360471e-04
-2.0631971e-04
-2.3931946e-04
-2.2386447e-04
-1.6640790e-04
-8.5745370e-05
-5.1181705e-06
5.6729808e-05
9.0751271e-05
9.6748658e-05
7.8609385e-05
4.0423959e-05
-1.2269944e-05
-6.9071626e-05
-1.2251915e-04
-1.6598348e-04
-1.9398235e-04
-2.0349968e-04
-1.9463081e-04
-1.7011676e-04
-1.3329327e-04
-8.4770805e-05
-1.9647952e-05
7.2203530e-05
2.0097925e-04
3.6759082e-04
5.5450015e-04
7.2327472e-04
8.2313853e-04
8.0888549e-04
6.6095609e-04
3.9824521e-04
7.6069763e-05
-2.2996000e-04
-4.4983657e-04
-5.4730931e-04
-5.2908262e-04
-4.3439643e-04
-3.1307622e-04
-2.0388132e-04
-1.2294617e-04
-6.5234459e-05
-1.5200378e-05
3.9912868e-05
1.0008428e-04
1.4974988e-04
1.6327156e-04
1.1634622e-04
-1.4203828e-06
-1.7810362e-04
-3.7887524e-04
-5.5396939e-04
-6.5377695e-04
-6.4427923e-04
-5.2052618e-04
-3.0607531e-04
-4.5170865e-05
2.0853193e-04
4.0542099e-04
5.1192014e-04
5.1705913e-04
4.3215310e-04
2.8503212e-04
1.1138545e-04
-5.4288695e-05
-1.8601437e-04
-2.7029281e-04
-3.0577613e-04
-2.9941059e-04
-2.6168242e-04
-2.0356929e-04
-1.3555500e-04
-6.8036033e-05
-1.2701429e-05
2.3928463e-05
4.2591886e-05
5.0080787e-05
5.5783264e-05
6.6672584e-05
8.3438692e-05
1.0035247e-04
1.0903971e-04
1.0362331e-04
8.4099569e-05
5.6344710e-05
2.8985595e-05
8.6540361e-06
-3.9035475e-06
-1.4368545e-05
-3.1243046e-05
-5.9695188e-05
-9.6093391e-05
-1.2811335e-04
-1.4252683e-04
-1.2850763e-04
-8.3193136e-05
-1.5348387e-05
5.6485993e-05
1.1106587e-04
1.3313486e-04
1.1917661e-04
7.7836991e-05
2.5606967e-05
-1.9987271e-05
-4.7031581e-05
-5.3271207e-05
-4.5844687e-05
-3.6581655e-05
-3.5296519e-05
-4.5251693e-05
-6.3470837e-05
-8.4557983e-05
-1.0391383e-04
-1.1856640e-04
-1.2888998e-04
-1.3498712e-04
-1.3515775e-04
-1.2694794e-04
-1.0972076e-04
-8.6586006e-05
-6.3326434e-05
-4.4212601e-05
-2.7663176e-05
-5.4469745e-06
3.3319791e-05
9.5526040e-05
1.7844804e-04
2.6782847e-04
3.4050862e-04
3.7121574e-04
3.4182096e-04
2.4975034e-04
1.1114546e-04
-4.3845569e-05
-1.8265794e-04
-2.7749589e-04
-3.1234604e-04
-2.8680226e-04
-2.1433312e-04
-1.1674869e-04
-1.7642084e-05
6.3169626e-05
1.1317257e-04
1.2831608e-04
1.1209533e-04
7.3243443e-05
2.2757600e-05
-2.8887517e-05
-7.3366654e-05
-1.0467085e-04
-1.1866518e-04
-1.1319307e-04
-8.9474124e-05
-5.3702837e-05
-1.6465323e-05
1.4616208e-05
3.8575748e-05
5.8859841e-05
7.7897669e-05
9.2638474e-05
9.4732996e-05
7.5463968e-05
3.2005128e-05
-2.9034641e-05
-9.2816535e-05
-1.4158212e-04
-1.6153304e-04
-1.4805861e-04
-1.0684577e-04
-5.0562896e-05
6.8856589e-06
5.5502554e-05
9.1246945e-05
1.1361857e-04
1.2370814e-04
1.2240474e-04
1.0920602e-04
8.3045832e-05
4.4308889e-05
-3.2728304e-06
-5.2274354e-05
-9.3381116e-05
-1.1841029e-04
-1.2274874e-04
-1.0604969e-04
-7.1370421e-05
-2.3686424e-05
3.1306689e-05
8.7556959e-05
1.3818322e-04
1.7483028e-04
1.8816273e-04
1.7170609e-04
1.2773773e-04
6.5780580e-05
1.2934815e-06
-4.9464519e-05
-7.5867160e-05
-7.6214886e-05
-5.6706439e-05
-2.7854563e-05
-5.6058808e-07
1.6940322e-05
2.0865856e-05
1.2298533e-05
-3.7990611e-06
-2.0718646e-05
-3.2558138e-05
-3.6199892e-05
-3.2028904e-05
-2.3335570e-05
-1.4806326e-05
-1.0578461e-05
-1.1896046e-05
-1.5487634e-05
-1.5798821e-05
-7.6035321e-06
1.1615968e-05
4.0330562e-05
7.3269631e-05
1.0310385e-04
1.2272029e-04
1.2727791e-04
1.1538724e-04
8.8991321e-05
5.2065050e-05
8.8732008e-06
-3.7381083e-05
-8.5005540e-05
-1.3309621e-04
-1.7973784e-04
-2.1999905e-04
-2.4532064e-04
-2.4638426e-04
-2.1676032e-04
-1.5458145e-04
-6.5200477e-05
3.7494939e-05
1.3293762e-04
1.9934811e-04
2.2073814e-04
1.9233136e-04
1.2267817e-04
3.2235349e-05
-5.1612467e-05
-1.0274417e-04
-1.0566619e-04
-6.2162476e-05
8.4322120e-06
7.6283308e-05
1.1301959e-04
1.0381578e-04
5.3833820e-05
-1.5483860e-05
-7.8867190e-05
-1.1468372e-04
-1.1261192e-04
-7.8228777e-05
-3.0436317e-05
7.1417649e-06
1.6379190e-05
-8.3367440e-06
-5.8896793e-05
-1.1773803e-04
-1.6516153e-04
-1.8660334e-04
-1.7724860e-04
-1.4251887e-04
-9.4607295e-05
-4.6888002e-05
-8.7138704e-06
1.7343156e-05
3.4300847e-05
4.7153641e-05
6.2084824e-05
8.1196684e-05
1.0139705e-04
1.1747305e-04
1.2597596e-04
1.2726600e-04
1.2465704e-04
1.2178473e-04
1.2018604e-04
1.1832171e-04
1.1223825e-04
9.7467781e-05
7.1328947e-05
3.4559914e-05
-8.4655459e-06
-5.1106093e-05
-8.7124779e-05
-1.1368420e-04
-1.3159657e-04
-1.4340932e-04
-1.5612704e-04
-1.7573712e-04
-2.0292107e-04
-2.3061927e-04
-2.4468656e-04
-2.2860472e-04
-1.7097171e-04
-7.2348108e-05
5.1893722e-05
1.7422278e-04
2.6277866e-04
2.9261583e-04
2.5672279e-04
1.7134587e-04
7.0981791e-05
-6.3998873e-06
-3.6632506e-05
-1.9311079e-05
2.5240923e-05
7.1065626e-05
9.8035577e-05
1.0011370e-04
8.4699056e-05
6.4608341e-05
4.8869898e-05
3.7647439e-05
2.3550861e-05
-1.9276589e-06
-4.0934286e-05
-8.5638608e-05
-1.2098153e-04
-1.3203198e-04
-1.1156360e-04
-6.4003921e-05
-4.2072894e-06
4.8254021e-05
7.6999923e-05
7.5765639e-05
4.9955767e-05
1.1008316e-05
-2.4724592e-05
-4.2272694e-05
-3.4538075e-05
-4.7271419e-06
3.6066909e-05
7.4310037e-05
9.9403046e-05
1.0655794e-04
9.6364923e-05
7.1961438e-05
3.6002828e-05
-1.0267430e-05
-6.5124852e-05
-1.2326216e-04
-1.7431853e-04
-2.0499420e-04
-2.0423902e-04
-1.6863751e-04
-1.0507137e-04
-2.9307213e-05
4.1638922e-05
9.6092570e-05
1.3009751e-04
1.4534347e-04
1.4515641e-04
1.3143600e-04
1.0430188e-04
6.4103677e-05
1.3596930e-05
-4.1696280e-05
-9.4815456e-05
-1.3880680e-04
-1.6745676e-04
-1.7599068e-04
-1.6237509e-04
-1.2852554e-04
-8.0274965e-05
-2.5851640e-05
2.5738667e-05
6.5158330e-05
8.9069960e-05
1.0130659e-04
1.1003164e-04
1.2204862e-04
1.3730300e-04
1.4745617e-04
1.4007270e-04
1.0639128e-04
4.8142281e-05
-2.0975783e-05
-8.0403744e-05
-1.1162312e-04
-1.0630990e-04
-7.0379521e-05
-2.2736636e-05
1.0815068e-05
6.7130131e-06
-4.7320563e-05
-1.4642560e-04
-2.6989836e-04
-3.9212205e-04
-4.8548946e-04
-5.2661202e-04
-5.0265285e-04
-4.1409525e-04
-2.7369498e-04
-1.0303119e-04
7.1684059e-05
2.2390140e-04
3.3132023e-04
3.8053515e-04
3.7041231e-04
3.1229118e-04
2.2604465e-04
1.3347784e-04
5.2391377e-05
-6.3588656e-06
-3.9147166e-05
-4.9603866e-05
-4.6701009e-05
-3.9881238e-05
-3.5199990e-05
-3.3830305e-05
-3.2803017e-05
-2.7335577e-05
-1.4223315e-05
5.1802738e-06
2.4483142e-05
3.5262162e-05
3.2089243e-05
1.6353148e-05
-3.6543232e-06
-1.6413293e-05
-1.2526050e-05
1.0873189e-05
4.8529764e-05
8.8897749e-05
1.1859687e-04
1.2717637e-04
1.0994626e-04
7.0946510e-05
2.1626362e-05
-2.4040095e-05
-5.5440752e-05
-6.9213757e-05
-6.9091029e-05
-6.2293522e-05
-5.5111858e-05
-4.9950818e-05
-4.4605948e-05
-3.3680329e-05
-1.1620060e-05
2.3796460e-05
6.9147310e-05
1.1565269e-04
1.5235148e-04
1.7080795e-04
1.6894062e-04
1.5115805e-04
1.2411685e-04
9.2687706e-05
5.8777585e-05
2.2296327e-05
-1.6964321e-05
-5.7776004e-05
-9.7728163e-05
-1.3450928e-04
-1.6645055e-04
-1.9177039e-04
-2.0766219e-04
-2.1077347e-04
-1.9928639e-04
-1.7491646e-04
-1.4285530e-04
-1.0940309e-04
-7.8741411e-05
-5.0707726e-05
-2.0974043e-05
1.5792336e-05
6.1833269e-05
1.1613114e-04
1.7035032e-04
2.1078622e-04
2.2556954e-04
2.1158569e-04
1.7696742e-04
1.3808199e-04
1.1277541e-04
1.1269539e-04
1.3786202e-04
1.7633460e-04
2.0970482e-04
2.2195517e-04
2.0690370e-04
1.6969563e-04
1.2133714e-04
6.9982631e-05
1.4965905e-05
-4.9855378e-05
-1.2642658e-04
-2.1301702e-04
-2.9767268e-04
-3.5879365e-04
-3.7304886e-04
-3.2538754e-04
-2.1657448e-04
-6.5280449e-05
9.6151763e-05
2.3093326e-04
3.0897100e-04
3.1621747e-04
2.5885361e-04
1.6024206e-04
5.1334240e-05
-4.1228689e-05
-1.0319661e-04
-1.3312195e-04
-1.3671821e-04
-1.2282779e-04
-1.0423853e-04
-9.3861413e-05
-9.7039701e-05
-1.0991514e-04
-1.2268341e-04
-1.2467490e-04
-1.0906913e-04
-7.5267827e-05
-2.8234591e-05
2.3914573e-05
7.1867003e-05
1.0604662e-04
1.1801528e-04
1.0328935e-04
6.4284480e-05
1.1110468e-05
-4.0960567e-05
-7.6614644e-05
-8.6072530e-05
-6.9104584e-05
-3.4372827e-05
9.0727767e-06
5.3991887e-05
9.5687484e-05
1.3135618e-04
1.5853256e-04
1.7458828e-04
1.7737284e-04
1.6583755e-04
1.4033360e-04
1.0330463e-04
6.0443544e-05
2.0893334e-05
-5.0272287e-06
-1.0139113e-05
5.6472863e-06
3.4076019e-05
6.0748176e-05
7.0129654e-05
5.1634534e-05
3.4140250e-06
-6.5721262e-05
-1.3940875e-04
-2.0029527e-04
-2.3575158e-04
-2.4054223e-04
-2.1686543e-04
-1.7279266e-04
-1.1979221e-04
-6.9822278e-05
-3.2510890e-05
-1.3065097e-05
-1.1487660e-05
-2.3135591e-05
-4.0190135e-05
-5.3806462e-05
-5.7109680e-05
-4.8834466e-05
-3.6002383e-05
-3.3548126e-05
-5.7862130e-05
-1.1837272e-04
-2.1159296e-04
-3.1886007e-04
-4.0898010e-04
-4.4563832e-04
-3.9852988e-04
-2.5534204e-04
-2.9961702e-05
2.3787819e-04
4.9321742e-04
6.8272321e-04
7.6997656e-04
7.4330724e-04
6.1533719e-04
4.1677098e-04
1.8753778e-04
-3.2527320e-05
-2.1221185e-04
-3.3429174e-04
-3.9368775e-04
-3.9619259e-04
-3.5522740e-04
-2.8714169e-04
-2.0816375e-04
-1.3296789e-04
-7.3471089e-05
-3.6886389e-05
-2.3199787e-05
-2.3367847e-05
-2.0445823e-05
4.4262142e-06
6.1943408e-05
1.4528086e-04
2.2815180e-04
2.7384325e-04
2.5182418e-04
1.5306753e-04
-3.9474211e-06
-1.7856044e-04
-3.2054930e-04
-3.9174990e-04
-3.7604522e-04
-2.8106011e-04
-1.3368359e-04
2.8961106e-05
1.6985196e-04
2.6109519e-04
2.9008409e-04
2.6151457e-04
1.9417329e-04
1.1301580e-04
3.9608192e-05
-1.4788743e-05
-5.0643280e-05
-7.6175143e-05
-1.0044284e-04
-1.2682123e-04
-1.4998285e-04
-1.5910830e-04
-1.4528326e-04
-1.0398015e-04
-4.1685940e-05
2.4837066e-05
7.5341186e-05
9.4100915e-05
7.5738162e-05
2.7240002e-05
-3.3833265e-05
-8.4314466e-05
-1.0242091e-04
-7.4771863e-05
-1.2585919e-06
1.0359813e-04
2.1318963e-04
2.9502113e-04
3.1981076e-04
2.7162322e-04
1.5550431e-04
-1.7534097e-06
-1.6019355e-04
-2.8321700e-04
-3.4772917e-04
-3.4920077e-04
-3.0030507e-04
-2.2371637e-04
-1.4265716e-04
-7.3464519e-05
-2.2928564e-05
9.6979219e-06
2.8442710e-05
3.7026023e-05
3.7464699e-05
3.0438954e-05
1.6353776e-05
-3.3181063e-06
-2.4748814e-05
-4.1604107e-05
-4.6848275e-05
-3.6092889e-05
-8.5511658e-06
3.2982024e-05
8.1231656e-05
1.2605560e-04
1.5741366e-04
1.6834885e-04
1.5708583e-04
1.2742305e-04
8.7048849e-05
4.4463220e-05
6.1915707e-06
-2.4296321e-05
-4.6039492e-05
-5.9559640e-05
-6.6167484e-05
-6.7546509e-05
-6.5415161e-05
-6.1433971e-05
-5.7298126e-05
-5.4352706e-05
-5.4356581e-05
-6.0363379e-05
-7.2358745e-05
-8.7186325e-05
-1.0056973e-04
-1.0855540e-04
-1.0779279e-04
-9.5216937e-05
-6.7937433e-05
-2.3916416e-05
3.6236621e-05
1.0687677e-04
1.7613672e-04
2.2771851e-04
2.4568759e-04
2.2041227e-04
1.5299701e-04
5.6058554e-05
-4.9592517e-05
-1.4063361e-04
-1.9595407e-04
-2.0340640e-04
-1.6464313e-04
-9.4065413e-05
-1.3382455e-05
5.6305889e-05
1.0158260e-04
1.1936140e-04
1.1454216e-04
9.5700272e-05
7.1823464e-05
5.0284737e-05
3.4951213e-05
2.4695195e-05
1.3775305e-05
-5.2753235e-06
-3.7393042e-05
-8.1336479e-05
-1.2829048e-04
-1.6414966e-04
-1.7536016e-04
-1.5390622e-04
-1.0109139e-04
-2.7531467e-05
5.0082766e-05
1.1372036e-04
1.4868893e-04
1.4730623e-04
1.1089010e-04
4.9487307e-05
-2.0793364e-05
-8.2152708e-05
-1.1990396e-04
-1.2652399e-04
-1.0397660e-04
-6.3246226e-05
-2.0448178e-05
9.5654544e-06
1.9338176e-05
1.0626934e-05
-9.7386781e-06
-3.2199020e-05
-4.6379806e-05
-4.3835406e-05
-2.1824687e-05
1.3264855e-05
4.6124330e-05
5.8069702e-05
3.5573739e-05
-2.2920391e-05
-1.0525055e-04
-1.8915084e-04
-2.4930542e-04
-2.6515782e-04
-2.2708558e-04
-1.3930571e-04
-1.8662861e-05
1.1056444e-04
2.2428151e-04
3.0625310e-04
3.5321520e-04
3.7129501e-04
3.7115380e-04
3.6200945e-04
3.4639856e-04
3.1876417e-04
2.6886456e-04
1.8856891e-04
7.8921503e-05
-4.6511476e-05
-1.6496538e-04
-2.5347658e-04
-2.9844671e-04
-3.0044644e-04
-2.7231181e-04
-2.3216017e-04
-1.9486566e-04
-1.6585864e-04
-1.3995393e-04
-1.0583443e-04
-5.6127991e-05
8.8765332e-06
8.0389195e-05
1.4322761e-04
1.8115563e-04
1.8348095e-04
1.5009947e-04
9.2269909e-05
2.8404594e-05
-2.3192670e-05
-5.1222604e-05
-5.4752538e-05
-4.1681023e-05
-2.3469742e-05
-9.1770910e-06
-2.0362370e-06
-1.4735099e-07
-5.2557365e-08
-0.0000000e+00
