9.2517610e-04
7.6910582e-03
1.3563596e-02
1.6368908e-02
1.6067384e-02
1.6414669e-02
1.9826014e-02
2.3385519e-02
2.2878606e-02
1.9930588e-02
1.7413506e-02
1.3479729e-02
6.3393601e-03
-3.0093779e-03
-1.2111960e-02
-1.8866371e-02
-2.3159621e-02
-2.7185961e-02
-3.2706942e-02
-3.7227898e-02
-3.7853257e-02
-3.5874886e-02
-3.2903093e-02
-2.6525472e-02
-1.1678764e-02
8.3335496e-03
2.3118493e-02
2.9333313e-02
2.7796958e-02
2.1470415e-02
1.5113223e-02
1.0228775e-02
6.6528470e-03
3.1998510e-03
-1.5565545e-04
-8.0740739e-04
2.0723536e-03
5.4736638e-03
6.8336995e-03
7.4837164e-03
1.0233073e-02
1.5789823e-02
2.2805117e-02
2.9474934e-02
3.5118550e-02
3.9539698e-02
4.1491760e-02
3.9906682e-02
3.2304109e-02
1.3760841e-02
-1.0856026e-02
-2.7684600e-02
-3.4879599e-02
-3.7264450e-02
-3.4156910e-02
-2.6456729e-02
-1.8843455e-02
-1.4625318e-02
-1.3047070e-02
-1.1224882e-02
-7.5193982e-03
-2.8456215e-03
1.3938860e-03
4.7749598e-03
8.0353176e-03
1.1860899e-02
1.4431912e-02
1.2621794e-02
5.7490728e-03
-3.6378295e-03
-1.1679590e-02
-1.7199668e-02
-2.1926058e-02
-2.4858320e-02
-2.1294182e-02
-1.1345716e-02
-1.6698366e-03
4.3005399e-03
8.1622239e-03
1.2275417e-02
1.7210641e-02
2.1995776e-02
2.5336824e-02
2.5672864e-02
2.3039741e-02
1.7340580e-02
7.3991638e-03
-4.2988794e-03
-1.4791229e-02
-2.3036285e-02
-2.8254954e-02
-3.1742251e-02
-3.5047578e-02
-3.8924423e-02
-4.2192414e-02
-4.2562463e-02
-4.0279380e-02
-3.6409795e-02
-2.8830808e-02
-1.1433673e-02
1.2488389e-02
2.9995118e-02
3.7959392e-02
3.9265462e-02
3.5325591e-02
2.8002613e-02
1.9650888e-02
1.1966104e-02
5.0339612e-03
-3.6787988e-05
-1.3830963e-03
1.0359395e-03
2.8753317e-03
2.1649215e-03
3.7201259e-03
1.0119123e-02
1.8469442e-02
2.6032082e-02
3.4048440e-02
4.3434249e-02
5.2410131e-02
5.7449517e-02
5.4894679e-02
4.3009963e-02
1.8521099e-02
-1.2202465e-02
-3.4001253e-02
-4.4170077e-02
-4.7742408e-02
-4.5953786e-02
-3.9579666e-02
-3.2353254e-02
-2.6545491e-02
-1.9768426e-02
-9.8772213e-03
6.6699307e-04
7.3962533e-03
8.9282441e-03
7.1036706e-03
2.3604556e-03
-6.6435017e-03
-1.9939847e-02
-3.5915005e-02
-5.0602377e-02
-6.0992534e-02
-6.8336399e-02
-7.3926199e-02
-7.6067377e-02
-6.8207598e-02
-3.8827052e-02
5.0640188e-03
3.6186588e-02
4.7320763e-02
4.9436361e-02
4.7375809e-02
4.3540394e-02
4.0867857e-02
3.8699074e-02
3.4316791e-02
2.7408341e-02
2.0519909e-02
1.5556845e-02
1.2704754e-02
1.3365742e-02
1.9077331e-02
2.8502627e-02
3.6696973e-02
3.9695416e-02
3.9613721e-02
4.1454653e-02
4.8062828e-02
5.6893574e-02
6.1917202e-02
5.7491446e-02
3.6263314e-02
3.0373779e-03
-2.3917174e-02
-4.0216897e-02
-5.1069049e-02
-5.6776215e-02
-5.7268218e-02
-5.3424459e-02
-4.5487642e-02
-3.6143585e-02
-2.8758673e-02
-2.2279807e-02
-1.6445201e-02
-1.2728546e-02
-9.5230064e-03
-3.3409474e-03
5.3494357e-03
1.1935203e-02
1.5587049e-02
1.9618505e-02
2.3919279e-02
2.4978576e-02
2.1329031e-02
1.4008814e-02
4.8736471e-03
-5.8682252e-03
-1.6998016e-02
-2.4589695e-02
-2.7779306e-02
-2.6876980e-02
-2.1443124e-02
-1.3473877e-02
-6.5721442e-03
-2.8990561e-03
-6.8849175e-04
2.7231426e-03
6.7718553e-03
9.5431794e-03
1.0321180e-02
9.2766268e-03
7.7018700e-03
6.5751358e-03
3.2925005e-03
-3.3213978e-03
-1.0784809e-02
-1.7282092e-02
-2.2191666e-02
-2.5589491e-02
-2.6707780e-02
-2.3243911e-02
-1.3606622e-02
-7.1523920e-04
1.0266460e-02
1.6112085e-02
1.7397794e-02
1.8481574e-02
2.0921787e-02
2.1842151e-02
1.9958088e-02
1.6782952e-02
1.2787225e-02
8.2265712e-03
3.1998863e-03
-3.1321870e-03
-8.8162300e-03
-1.1960972e-02
-1.4228595e-02
-1.6028448e-02
-1.5902120e-02
-1.3407647e-02
-9.1933125e-03
-5.3985060e-03
-3.0093466e-03
-9.0749929e-04
1.8868583e-03
6.1301646e-03
1.1331030e-02
1.5843902e-02
1.7751365e-02
1.6350789e-02
1.3320658e-02
1.0165225e-02
5.7095178e-03
-1.9271530e-03
-9.9683955e-03
-1.3389916e-02
-1.2241681e-02
-1.1801134e-02
-1.4931887e-02
-1.7891938e-02
-1.6309606e-02
-1.0348966e-02
-3.7259589e-03
1.0719540e-03
5.1865998e-03
9.3894798e-03
1.1963093e-02
1.0693432e-02
4.6849877e-03
-2.6512496e-03
-4.0856738e-03
7.6944897e-04
3.9705980e-03
2.6839944e-03
6.2691747e-04
-4.3070414e-05
-5.1826015e-04
-2.2169998e-03
-4.3520584e-03
-5.1809319e-03
-4.0478189e-03
-3.9059440e-04
4.9075181e-03
9.6961513e-03
1.3958981e-02
1.7223467e-02
1.8245196e-02
1.6289590e-02
1.1152267e-02
4.4963915e-03
-1.7411624e-03
-7.7211931e-03
-1.3086817e-02
-1.5940629e-02
-1.5762488e-02
-1.2958065e-02
-8.3976252e-03
-3.9377062e-03
-1.1348309e-03
1.0865806e-03
4.8537052e-03
9.6990842e-03
1.3289637e-02
1.4385471e-02
1.3998836e-02
1.3089403e-02
1.0454204e-02
5.2730413e-03
-2.2729542e-03
-1.1155064e-02
-1.7576126e-02
-1.8850287e-02
-1.7322258e-02
-1.6427106e-02
-1.6497940e-02
-1.6247855e-02
-1.4427908e-02
-1.0639375e-02
-7.0120450e-03
-4.5827417e-03
3.3904969e-04
8.7547972e-03
1.5356865e-02
1.7145952e-02
1.6328037e-02
1.4749373e-02
1.2163209e-02
7.3557371e-03
-6.0903696e-04
-8.7814569e-03
-1.2318647e-02
-1.1299472e-02
-1.0074943e-02
-9.9285102e-03
-8.6222822e-03
-5.3380268e-03
-1.9702361e-04
5.7503182e-03
1.0430608e-02
1.4038442e-02
1.8930174e-02
2.4995371e-02
2.9002479e-02
2.8414120e-02
2.3223594e-02
1.4955454e-02
6.2976666e-03
-5.2295495e-04
-6.7803862e-03
-1.2962950e-02
-1.6241645e-02
-1.4866788e-02
-1.1782605e-02
-1.1172053e-02
-1.1276095e-02
-7.8264210e-03
-2.5713587e-03
3.9856973e-04
1.5986368e-03
2.5350298e-03
4.0666427e-03
6.8263388e-03
7.9070205e-03
4.0170449e-03
-4.0329838e-03
-1.3418750e-02
-2.1507300e-02
-2.8147602e-02
-3.3188990e-02
-3.3132844e-02
-2.4985410e-02
-1.2076005e-02
-1.9010164e-03
3.3016902e-03
5.4279762e-03
6.8330262e-03
8.8630610e-03
1.0767036e-02
1.2157506e-02
1.3342878e-02
1.4755399e-02
1.6969687e-02
1.9689965e-02
1.9542650e-02
1.4590733e-02
8.9908628e-03
6.7652188e-03
6.9004419e-03
7.1946779e-03
7.1030352e-03
7.2931742e-03
1.0016004e-02
1.5818279e-02
1.9916727e-02
1.7611085e-02
7.4882848e-03
-5.6678359e-03
-1.1570223e-02
-9.5774574e-03
-6.3540621e-03
-2.3590735e-03
2.5924460e-03
4.9690179e-03
3.4984128e-03
-1.0344082e-03
-6.9677816e-03
-1.2152691e-02
-1.6683195e-02
-2.1090844e-02
-2.4346788e-02
-2.3973360e-02
-1.8697310e-02
-1.1633151e-02
-6.7582068e-03
-4.6867177e-03
-3.1051567e-03
9.9369474e-05
4.5108663e-03
8.3751911e-03
1.1168035e-02
1.4841925e-02
2.0404290e-02
2.4641840e-02
2.3362691e-02
1.6504224e-02
8.2526458e-03
2.1212221e-03
-2.9880932e-03
-9.3984468e-03
-1.6086476e-02
-2.0163308e-02
-1.9947324e-02
-1.7070088e-02
-1.4112978e-02
-1.0616438e-02
-5.3462704e-03
2.0469866e-03
9.3311393e-03
1.3076771e-02
1.5097415e-02
1.8317055e-02
2.2063983e-02
2.4432060e-02
2.3106001e-02
1.7542115e-02
8.6522428e-03
-1.9673866e-03
-1.1551196e-02
-1.8958845e-02
-2.4235162e-02
-2.5642980e-02
-2.2211757e-02
-1.7415922e-02
-1.4607600e-02
-1.3682781e-02
-1.3244394e-02
-1.1559512e-02
-8.0322822e-03
-3.8843002e-03
-1.1822484e-04
4.5594692e-03
1.1083670e-02
1.7102391e-02
1.9767107e-02
1.8160305e-02
1.2588931e-02
5.3857828e-03
-1.2699768e-03
-8.7450337e-03
-1.6574099e-02
-1.9024163e-02
-1.4005718e-02
-7.3909514e-03
-4.1754464e-03
-4.6545144e-03
-6.0407120e-03
-4.6456549e-03
6.4908737e-05
5.6663447e-03
1.0116713e-02
1.3040441e-02
1.4899509e-02
1.5988810e-02
1.4853464e-02
1.0823514e-02
5.8134705e-03
7.9661580e-04
-3.6921054e-03
-7.4033183e-03
-1.1489661e-02
-1.5453956e-02
-1.5710469e-02
-1.1994487e-02
-1.0015543e-02
-1.1418758e-02
-1.0895816e-02
-4.3164735e-03
5.4855152e-03
1.3117511e-02
1.6606573e-02
1.7640026e-02
1.9433654e-02
2.0916690e-02
1.9091400e-02
1.4383946e-02
8.2682831e-03
2.3729977e-03
-3.4206060e-03
-1.0946369e-02
-1.8127402e-02
-2.0850215e-02
-1.8235788e-02
-1.2226315e-02
-5.5993958e-03
6.0485760e-04
6.9210267e-03
1.2665406e-02
1.5927732e-02
1.6621663e-02
1.6017953e-02
1.2722361e-02
8.1508977e-03
6.0205874e-03
4.6887377e-03
1.0572219e-03
-4.5852265e-03
-8.9589471e-03
-1.0921197e-02
-1.2399725e-02
-1.4270544e-02
-1.6120961e-02
-1.6576408e-02
-1.4879232e-02
-1.3506862e-02
-1.3975207e-02
-1.3876487e-02
-1.1479395e-02
-7.7797347e-03
-3.7091670e-03
3.2611728e-04
3.1050095e-03
4.8648843e-03
6.0221425e-03
5.4648778e-03
4.2156009e-03
6.5506597e-03
1.3217119e-02
1.8125120e-02
1.7035936e-02
1.0880787e-02
3.5498106e-03
-7.2192201e-04
-2.9440571e-03
-6.1244421e-03
-1.0020036e-02
-1.3372892e-02
-1.4009837e-02
-9.4483596e-03
-2.0467101e-03
3.2173876e-03
6.0937340e-03
1.0459405e-02
1.7008096e-02
2.1301380e-02
1.9987290e-02
1.3560946e-02
4.9691595e-03
-3.7038578e-03
-1.2819950e-02
-2.1345273e-02
-2.5591385e-02
-2.3914355e-02
-1.8720768e-02
-1.4690576e-02
-1.4887511e-02
-1.6564954e-02
-1.5857564e-02
-1.2477277e-02
-7.7301160e-03
5.7264760e-05
1.3206417e-02
2.7875286e-02
4.0197264e-02
4.9918727e-02
5.5891887e-02
5.9320937e-02
6.4809641e-02
7.2101503e-02
7.6978869e-02
8.0202257e-02
8.3994975e-02
8.8580433e-02
9.1690645e-02
8.7552542e-02
6.9091545e-02
2.2530543e-02
-4.1902244e-02
-8.4152736e-02
-9.3988133e-02
-8.6936933e-02
-7.3308965e-02
-5.8396449e-02
-4.3622769e-02
-3.0776395e-02
-2.1372295e-02
-1.6625379e-02
-1.6180151e-02
-1.8093180e-02
-2.1288696e-02
-2.5503931e-02
-3.0109501e-02
-3.3391474e-02
-3.6119460e-02
-4.1288709e-02
-4.9903479e-02
-5.7846726e-02
-5.9843028e-02
-5.6032100e-02
-4.7586383e-02
-3.3345840e-02
-7.1627933e-03
2.8716032e-02
5.5117993e-02
6.3338179e-02
5.9790033e-02
5.0892000e-02
3.9448956e-02
2.5656856e-02
1.0434944e-02
-3.8366961e-03
-1.3995534e-02
-1.8837817e-02
-1.8528187e-02
-1.5844389e-02
-1.5251428e-02
-1.6553047e-02
-1.8117887e-02
-2.1198671e-02
-2.7263195e-02
-3.6055911e-02
-4.6338983e-02
-5.5665865e-02
-6.1581777e-02
-6.3477338e-02
-5.5219568e-02
-2.2918718e-02
2.4185354e-02
5.3264019e-02
5.7688272e-02
5.2049525e-02
4.2778445e-02
3.2713131e-02
2.4523085e-02
1.7916996e-02
1.0605048e-02
4.0342507e-03
2.5235080e-03
5.7662484e-03
9.4352454e-03
1.1270625e-02
1.3173299e-02
1.6190431e-02
1.7122016e-02
1.4067572e-02
8.3714859e-03
1.8739801e-03
-3.0166432e-03
-5.5995796e-03
-8.0662990e-03
-1.1303358e-02
-1.2548114e-02
-9.6077505e-03
-5.2271743e-03
-2.3222052e-03
-1.3810707e-03
-1.2782979e-03
9.2165141e-04
5.1114935e-03
9.2273691e-03
1.2435104e-02
1.4859030e-02
1.7242159e-02
1.8778744e-02
1.7533138e-02
1.2789077e-02
6.6157999e-03
1.1904628e-03
-3.7422894e-03
-8.8396927e-03
-1.3485751e-02
-1.5270627e-02
-1.3238097e-02
-9.5783003e-03
-6.5334211e-03
-4.8695249e-03
-2.3384691e-03
3.6287703e-03
1.0484435e-02
1.4650341e-02
1.5866759e-02
1.5095700e-02
1.4172164e-02
1.3417568e-02
1.0681968e-02
6.1673791e-03
1.7030013e-03
-3.7120087e-03
-1.1153340e-02
-1.9109514e-02
-2.5270389e-02
-2.7188013e-02
-2.4067094e-02
-1.8252804e-02
-1.2643429e-02
-8.2738887e-03
-3.3195938e-03
4.7743708e-03
1.3827941e-02
1.9320055e-02
2.0560974e-02
1.8465890e-02
1.4768353e-02
1.1553024e-02
6.8090076e-03
-3.6911567e-04
-6.3194549e-03
-8.2184353e-03
-7.9384554e-03
-9.3543013e-03
-1.2472803e-02
-1.4214151e-02
-1.2420974e-02
-8.7187452e-03
-6.1422329e-03
-3.2212252e-03
4.1013588e-03
1.4904737e-02
2.3508741e-02
2.6560878e-02
2.4518445e-02
1.9477279e-02
1.5037181e-02
1.1922436e-02
7.3374663e-03
9.7278026e-04
-5.6151110e-03
-1.1264866e-02
-1.6117526e-02
-2.0384153e-02
-2.3243158e-02
-2.3964012e-02
-2.1408505e-02
-1.6767207e-02
-1.2665181e-02
-9.3896622e-03
-6.9324583e-03
-5.1330775e-03
-2.0058138e-03
3.5085588e-03
1.1278292e-02
2.1441110e-02
3.0806969e-02
3.4575112e-02
3.1888867e-02
2.4534298e-02
1.6118236e-02
9.7349440e-03
3.3213612e-03
-4.8996181e-03
-1.2157033e-02
-1.7848358e-02
-2.2081239e-02
-2.2132972e-02
-1.8076596e-02
-1.1662605e-02
-2.6981483e-03
7.9422245e-03
1.5627741e-02
1.6703388e-02
1.3235210e-02
7.6105997e-03
-8.3463677e-04
-1.0551232e-02
-1.8005473e-02
-2.1435977e-02
-2.0263320e-02
-1.5844457e-02
-1.0739069e-02
-6.2529073e-03
-8.6658004e-04
8.1377846e-03
1.8970009e-02
2.6609245e-02
2.8712823e-02
2.5313250e-02
1.6713365e-02
7.7891058e-03
4.2890040e-03
4.2252034e-03
4.3349391e-03
3.6427155e-03
8.3657682e-04
-4.0052097e-03
-9.7101343e-03
-1.4276612e-02
-1.5838990e-02
-1.5103847e-02
-1.2967322e-02
-9.4730816e-03
-5.0635909e-03
2.2287935e-03
1.3723257e-02
2.5801982e-02
3.5476613e-02
4.5455841e-02
5.8879560e-02
7.3196606e-02
8.2615781e-02
8.2043083e-02
6.7398361e-02
3.1081270e-02
-1.9094395e-02
-5.6523281e-02
-7.3993726e-02
-7.8410834e-02
-7.1362469e-02
-5.8652689e-02
-4.8969565e-02
-4.3890712e-02
-3.9273510e-02
-3.2671245e-02
-2.4485709e-02
-1.7002390e-02
-1.1540745e-02
-6.6985153e-03
-1.3715818e-03
3.9468192e-03
7.6646370e-03
9.1326857e-03
9.1788069e-03
8.1815416e-03
5.7454134e-03
8.9138769e-04
-5.6697965e-03
-1.0276876e-02
-1.0094542e-02
-6.1937897e-03
-1.4614448e-03
1.9140549e-03
3.9055708e-03
5.7927175e-03
7.1925309e-03
7.6001908e-03
8.0542754e-03
9.8970483e-03
1.3263365e-02
1.5396299e-02
1.3998765e-02
8.6569305e-03
-2.9080177e-04
-1.0534841e-02
-2.2171291e-02
-3.7206548e-02
-5.2777236e-02
-6.4882761e-02
-7.4297111e-02
-8.2398622e-02
-9.0082158e-02
-9.5279558e-02
-8.7017036e-02
-4.9072118e-02
8.2720844e-03
4.8722821e-02
6.5196556e-02
7.3896475e-02
7.9200838e-02
7.7607847e-02
6.7983827e-02
5.3210043e-02
3.6111249e-02
1.8855065e-02
3.8842001e-03
-7.1288737e-03
-1.3102201e-02
-1.3276062e-02
-8.4957885e-03
-2.3908660e-03
8.6085904e-05
-7.6567017e-04
-1.2805710e-03
-1.5471972e-03
-3.6795548e-03
-7.0408699e-03
-7.8957252e-03
-3.1670706e-03
8.1748345e-03
2.1669558e-02
2.9811994e-02
3.1367573e-02
2.8531835e-02
2.2806178e-02
1.5829212e-02
7.9328585e-03
-3.7132886e-05
-5.1370901e-03
-6.2805762e-03
-6.1323205e-03
-6.8738725e-03
-6.3373896e-03
-2.1508628e-03
3.3344509e-03
7.8775325e-03
1.2148780e-02
1.8206614e-02
2.6852723e-02
3.4683912e-02
3.7950002e-02
3.6317320e-02
3.0921222e-02
2.0842634e-02
2.1505696e-03
-2.3122454e-02
-4.3298662e-02
-5.2085057e-02
-5.2925556e-02
-4.9678825e-02
-4.4096654e-02
-3.6571029e-02
-2.5824108e-02
-1.2255902e-02
1.1513730e-04
7.6687114e-03
1.2051108e-02
1.8559343e-02
2.8052907e-02
3.5693070e-02
3.7777593e-02
3.5411225e-02
3.2895035e-02
3.2613285e-02
3.2441572e-02
3.1334206e-02
3.0532589e-02
3.0394132e-02
2.7466921e-02
1.1947211e-02
-1.4312553e-02
-3.3858967e-02
-4.0193960e-02
-3.8779529e-02
-3.4391307e-02
-2.9839984e-02
-2.5371275e-02
-2.1006262e-02
-1.8826397e-02
-1.9652020e-02
-2.1327041e-02
-2.1884568e-02
-2.0258056e-02
-1.7092457e-02
-1.6023935e-02
-1.9322469e-02
-2.4456310e-02
-2.9015631e-02
-3.4828451e-02
-4.4126419e-02
-5.5690213e-02
-6.4760207e-02
-6.6067251e-02
-5.5538392e-02
-2.6679622e-02
1.2737983e-02
3.9436941e-02
4.8979110e-02
4.9911111e-02
4.5038522e-02
3.8119641e-02
3.4203114e-02
3.3268402e-02
3.2179152e-02
2.9179058e-02
2.2813944e-02
1.5854431e-02
1.3182026e-02
1.4159310e-02
1.5439291e-02
1.6449833e-02
1.7359180e-02
1.7475490e-02
1.6450357e-02
1.3047223e-02
7.1726569e-03
1.5532946e-03
-2.3435969e-03
-5.9463594e-03
-7.1106579e-03
-3.7371908e-03
-7.6340119e-04
-1.5772984e-03
-3.8901194e-03
-5.3222026e-03
-4.9593886e-03
-2.4727062e-03
-4.4693702e-04
-9.6727743e-04
-1.8914635e-03
-1.6838609e-03
1.9316835e-04
3.8603933e-03
6.6116369e-03
6.0578563e-03
2.7932886e-03
-1.3956141e-03
-4.3591991e-03
-4.4021579e-03
-2.4979396e-03
-6.0191379e-05
3.6831470e-03
8.6465651e-03
1.1198863e-02
7.1461039e-03
-1.1198925e-03
-7.3965720e-03
-1.0271180e-02
-1.1768555e-02
-1.2693285e-02
-1.0659844e-02
-4.3936717e-03
2.2478907e-03
6.0985365e-03
8.4623983e-03
1.0764324e-02
1.2325778e-02
1.2023210e-02
8.6833914e-03
3.2589849e-03
-4.9728460e-04
-3.9392331e-04
2.2768058e-03
5.4759834e-03
8.9822113e-03
1.3362547e-02
1.7818089e-02
2.0644743e-02
1.9615403e-02
1.3821285e-02
7.2523927e-03
6.3775569e-03
1.1672740e-02
1.7672103e-02
2.0992484e-02
2.0907915e-02
1.6288751e-02
4.7160530e-03
-1.2848958e-02
-2.9246032e-02
-3.9154920e-02
-4.3515440e-02
-4.5589087e-02
-4.7161873e-02
-4.7466571e-02
-4.4993005e-02
-3.9967830e-02
-3.4953295e-02
-3.1099023e-02
-2.6495452e-02
-1.9749344e-02
-1.2225563e-02
-7.2328759e-03
-3.7811801e-03
7.0422980e-03
2.4338739e-02
3.3653304e-02
3.1782083e-02
2.6379193e-02
2.2052299e-02
1.9969392e-02
1.9170311e-02
1.7703488e-02
1.4242991e-02
1.0054217e-02
8.0792874e-03
8.5253951e-03
9.7118114e-03
1.1447528e-02
1.4417254e-02
1.9808344e-02
2.7405551e-02
3.4304183e-02
3.8230975e-02
3.9209726e-02
3.8140567e-02
3.5190405e-02
2.9405302e-02
1.9417652e-02
1.1654105e-03
-2.4066446e-02
-4.4527314e-02
-5.3003858e-02
-5.1213323e-02
-4.2446647e-02
-3.0111060e-02
-1.7689188e-02
-6.1643852e-03
5.6536963e-03
1.8390625e-02
2.7652142e-02
2.5118451e-02
9.9164522e-03
-7.2587858e-03
-1.6194290e-02
-1.7481841e-02
-1.5865949e-02
-1.3184547e-02
-9.1006598e-03
-3.6064945e-03
1.1165191e-03
2.3657934e-03
-2.2473247e-04
-4.2403177e-03
-1.0208781e-02
-1.7898850e-02
-2.0932722e-02
-1.7020450e-02
-9.3248281e-03
5.6585732e-05
8.9133647e-03
1.3525967e-02
1.3660450e-02
1.2484291e-02
1.0811087e-02
8.1296701e-03
4.8740471e-03
2.0348470e-03
1.3972282e-03
4.3459907e-03
8.6174036e-03
1.1496076e-02
1.4984547e-02
2.1226530e-02
2.8855712e-02
3.4907396e-02
3.8081508e-02
3.9333893e-02
3.6813762e-02
2.4251200e-02
3.0892279e-03
-1.4414472e-02
-2.3258159e-02
-2.7283296e-02
-3.0628789e-02
-3.4868181e-02
-3.8100755e-02
-3.8288241e-02
-3.5489520e-02
-3.2068279e-02
-2.8661123e-02
-2.4480309e-02
-1.9643181e-02
-1.3567961e-02
-6.7378620e-03
-6.0719584e-04
4.4984353e-03
9.1001773e-03
1.2975940e-02
1.4349541e-02
1.1774012e-02
5.4372392e-03
-2.5845959e-03
-9.6188931e-03
-1.5226472e-02
-1.9875153e-02
-2.3208366e-02
-2.4869416e-02
-2.3780587e-02
-2.1251756e-02
-1.9985992e-02
-1.9682732e-02
-1.7143292e-02
-9.2710166e-03
9.8465840e-04
9.5792142e-03
1.6844946e-02
2.2298623e-02
2.4906760e-02
2.3864585e-02
1.8314409e-02
1.1410470e-02
5.9586107e-03
6.1306554e-04
-4.3269723e-03
-6.4079802e-03
-5.0743480e-03
-1.7310067e-03
1.4362143e-03
2.3181411e-03
1.9452932e-03
3.2898132e-03
7.7443437e-03
1.3713177e-02
1.7583438e-02
1.8648742e-02
1.8616284e-02
1.8586537e-02
1.7252441e-02
1.1571750e-02
2.4060115e-03
-7.2536001e-03
-1.5126217e-02
-1.9563328e-02
-2.2509325e-02
-2.6165327e-02
-2.9564492e-02
-3.2343491e-02
-3.6186902e-02
-4.1880872e-02
-4.8021596e-02
-5.1300926e-02
-4.8285659e-02
-3.5149248e-02
-2.9516880e-03
4.1409261e-02
7.1367141e-02
7.9888257e-02
7.5763995e-02
6.3528516e-02
4.7825436e-02
3.2388625e-02
1.7274057e-02
4.9230225e-04
-1.5959857e-02
-2.5685722e-02
-2.5344615e-02
-1.8170171e-02
-9.7668268e-03
-2.2677727e-03
5.7820495e-03
1.5872413e-02
2.6409390e-02
3.4566470e-02
4.0328501e-02
4.4455300e-02
4.6991212e-02
4.5824675e-02
3.6179472e-02
1.4297993e-02
-1.3037006e-02
-3.1506252e-02
-3.8990678e-02
-4.1698412e-02
-4.2037405e-02
-3.9782804e-02
-3.4522813e-02
-2.7599471e-02
-2.1193714e-02
-1.5802956e-02
-1.0140947e-02
-3.4253543e-03
2.3436106e-03
4.9236623e-03
5.5163833e-03
6.2759899e-03
6.7259529e-03
3.3622320e-03
-4.8572441e-03
-1.4110265e-02
-2.0034631e-02
-2.1810788e-02
-2.1748139e-02
-2.0367023e-02
-1.4297411e-02
-4.0803653e-03
3.2877427e-03
5.3921345e-03
4.7555160e-03
4.2836754e-03
6.6029246e-03
1.1598931e-02
1.6881818e-02
1.9626535e-02
1.8645328e-02
1.4858753e-02
8.6428632e-03
2.8049695e-04
-7.4327890e-03
-1.1602939e-02
-1.2623787e-02
-1.2747322e-02
-1.3322976e-02
-1.4866573e-02
-1.6269230e-02
-1.6528937e-02
-1.7697145e-02
-2.0152047e-02
-1.9330199e-02
-1.0529080e-02
3.6335416e-03
1.4523494e-02
1.9571675e-02
2.2635729e-02
2.5259954e-02
2.6875375e-02
2.6011007e-02
2.1406086e-02
1.4402234e-02
7.2697705e-03
1.5313286e-03
-3.3110199e-03
-6.9008455e-03
-7.1821026e-03
-4.3735853e-03
3.6273056e-04
4.7581950e-03
7.5555232e-03
1.1159321e-02
1.7132277e-02
2.3990595e-02
2.8658743e-02
2.8440777e-02
2.2720667e-02
9.0734495e-03
-1.3801658e-02
-4.0216053e-02
-6.5103527e-02
-8.7308993e-02
-1.0480040e-01
-1.1428163e-01
-1.1576030e-01
-1.1227635e-01
-1.0505721e-01
-9.3054124e-02
-7.6123177e-02
-5.5441121e-02
-3.1056740e-02
-2.8701996e-03
2.7596117e-02
5.9277090e-02
9.2952201e-02
1.2946599e-01
1.6872705e-01
2.0907154e-01
2.4298135e-01
2.5964957e-01
2.5399016e-01
2.2156108e-01
1.4394979e-01
3.5518272e-02
-4.6086882e-02
-8.4246952e-02
-9.6797791e-02
-9.5281400e-02
-9.0239841e-02
-8.6241737e-02
-7.9929789e-02
-6.7355890e-02
-5.1488818e-02
-4.0021977e-02
-3.6361997e-02
-3.6734154e-02
-3.7089115e-02
-3.7132361e-02
-3.6976137e-02
-3.5487315e-02
-3.2585718e-02
-3.0391722e-02
-3.2341527e-02
-3.9181578e-02
-4.6291145e-02
-4.6988994e-02
-3.6365481e-02
-8.1946112e-03
2.8930507e-02
5.0706061e-02
5.4220976e-02
5.1116158e-02
4.5080954e-02
3.7541883e-02
2.9857322e-02
2.3249616e-02
1.7324828e-02
8.5672993e-03
-4.7712136e-03
-1.8017433e-02
-2.4540095e-02
-2.4970842e-02
-2.4047584e-02
-2.1461806e-02
-1.5144611e-02
-5.0960802e-03
8.5805544e-03
2.3468437e-02
3.5439477e-02
4.3130767e-02
4.6531919e-02
4.4032923e-02
3.4094078e-02
1.9072308e-02
5.8482455e-03
-1.2933455e-03
-5.7061737e-03
-1.2103173e-02
-1.9470281e-02
-2.2753124e-02
-2.0025375e-02
-1.4228378e-02
-9.2154824e-03
-6.8508400e-03
-8.1272140e-03
-1.2506051e-02
-1.6528277e-02
-1.9505173e-02
-2.2243405e-02
-2.2877951e-02
-2.0927161e-02
-1.8688831e-02
-1.8724212e-02
-2.0879280e-02
-2.2632412e-02
-2.1645405e-02
-1.6460624e-02
-5.7835095e-03
6.2778491e-03
1.1655499e-02
9.5485962e-03
3.7220819e-03
-2.0815159e-03
-3.9647299e-03
-8.3042333e-04
5.1493262e-03
1.1589876e-02
1.6412052e-02
1.9060659e-02
2.1734605e-02
2.4086908e-02
2.5392608e-02
2.8339872e-02
3.3024508e-02
3.5788604e-02
3.2679077e-02
2.1243583e-02
5.2747124e-03
-6.5557376e-03
-1.1271436e-02
-1.2029097e-02
-1.2293409e-02
-1.4715955e-02
-1.5940154e-02
-9.0502196e-03
6.4379414e-03
2.2379627e-02
2.9462970e-02
2.7337106e-02
1.9605214e-02
7.2572394e-03
-7.2787493e-03
-1.9703604e-02
-2.6986817e-02
-2.8456019e-02
-2.6328830e-02
-2.3256632e-02
-1.8761902e-02
-1.2273358e-02
-5.1841372e-03
1.3653208e-03
7.1043981e-03
1.2891645e-02
1.9993124e-02
2.6131303e-02
2.6977905e-02
2.1496486e-02
9.9805634e-03
-3.5138625e-03
-1.1952580e-02
-1.5437412e-02
-1.8412841e-02
-2.1323476e-02
-2.1185966e-02
-1.6919158e-02
-1.0970866e-02
-6.1530481e-03
-4.8629950e-03
-8.9018782e-03
-1.5476976e-02
-1.9515269e-02
-1.9717654e-02
-1.5487765e-02
-6.6331704e-03
1.5144029e-03
4.0345847e-03
3.2637195e-03
3.5815833e-03
5.6595061e-03
6.5068585e-03
4.5073468e-03
2.6152701e-03
5.7782307e-03
1.3278462e-02
1.7463775e-02
1.5696595e-02
1.2176844e-02
9.9330991e-03
7.3365142e-03
1.8707242e-03
-4.4806642e-03
-8.5430585e-03
-9.1523472e-03
-6.8643817e-03
-4.1857598e-03
-2.6013660e-03
-2.0264961e-04
3.7380492e-03
7.3318685e-03
8.8792256e-03
7.6047679e-03
4.9234307e-03
2.3123558e-03
-1.1273425e-03
-5.8827545e-03
-9.7095675e-03
-1.0975561e-02
-1.0147362e-02
-8.5586717e-03
-8.1161575e-03
-8.6613833e-03
-7.3299327e-03
-2.5783872e-03
3.0685243e-03
6.7740263e-03
8.4463793e-03
8.9328403e-03
8.2259659e-03
5.5899455e-03
6.4781579e-04
-4.5614443e-03
-8.0146479e-03
-1.1846536e-02
-1.7350923e-02
-2.1866552e-02
-2.2679875e-02
-1.8767812e-02
-1.1995164e-02
-6.0127904e-03
-3.1596763e-03
-3.9740012e-03
-5.3122140e-03
-1.9726370e-03
6.1501711e-03
1.5691226e-02
2.6436040e-02
3.5615810e-02
3.6259323e-02
2.7737653e-02
1.6253501e-02
7.9712469e-03
5.1250646e-03
5.0340755e-03
3.1963166e-03
-1.2437724e-03
-4.6845538e-03
-4.1082197e-03
-8.1791556e-04
3.6607122e-04
-1.2065959e-03
-8.5865317e-04
3.2646105e-03
9.2668351e-03
1.4475687e-02
1.8861822e-02
2.4385640e-02
2.7946835e-02
2.1957910e-02
8.3167255e-03
-2.0910899e-03
-4.8864226e-03
-3.0070399e-03
-1.8756788e-03
-3.9699232e-03
-7.5940752e-03
-1.1310296e-02
-1.4605299e-02
-1.7497082e-02
-1.9956160e-02
-2.1427978e-02
-2.0513045e-02
-1.6900540e-02
-1.3600712e-02
-1.2859991e-02
-1.3392101e-02
-1.3279306e-02
-1.3233400e-02
-1.6357669e-02
-2.2564384e-02
-2.8506324e-02
-3.1297843e-02
-2.8286163e-02
-1.6585006e-02
-2.9121756e-04
1.1946686e-02
2.0328861e-02
2.6876169e-02
2.9578287e-02
2.8473224e-02
2.5419985e-02
2.2504315e-02
2.0113084e-02
1.6941514e-02
1.3130753e-02
9.4580558e-03
5.8280827e-03
2.9226960e-03
2.5729741e-04
-3.2915354e-03
-5.9196746e-03
-5.9327189e-03
-4.8319383e-03
-5.6809337e-03
-8.5386161e-03
-9.8397421e-03
-7.3627106e-03
-2.5864614e-03
6.2727371e-04
1.8620841e-03
4.0008451e-03
7.7999353e-03
1.1891543e-02
1.3192172e-02
9.3212910e-03
1.4981632e-03
-6.4182530e-03
-1.2894240e-02
-1.9669781e-02
-2.5446005e-02
-2.6347142e-02
-2.2392706e-02
-1.7538529e-02
-1.3930670e-02
-1.0373009e-02
-6.4654452e-03
-2.2174518e-03
2.1615514e-03
3.9248574e-03
1.8012265e-03
-1.3027211e-03
-1.8600692e-03
1.1266446e-03
7.5476723e-03
1.4015014e-02
1.6006780e-02
1.5042370e-02
1.3116207e-02
9.7702433e-03
6.1917771e-03
4.7287426e-03
7.1402597e-03
1.1840301e-02
1.4306725e-02
1.4229160e-02
1.5475316e-02
1.8103741e-02
1.8742901e-02
1.4336299e-02
5.9996916e-03
-6.3894807e-04
-4.6839240e-03
-9.7448821e-03
-1.7040747e-02
-2.3557251e-02
-2.5581310e-02
-2.3913620e-02
-2.0633580e-02
-1.4197476e-02
-4.3418246e-03
4.7268688e-03
1.0153281e-02
1.1904348e-02
1.0336075e-02
6.0922779e-03
3.7678482e-03
7.2034390e-03
1.2489209e-02
1.5004491e-02
1.4545880e-02
1.2777366e-02
1.0788558e-02
7.9673048e-03
2.4761920e-03
-4.9808861e-03
-9.9595411e-03
-9.0545666e-03
-3.7106600e-03
1.9933411e-03
7.1100008e-03
1.3243469e-02
1.9906094e-02
2.2147875e-02
1.3287430e-02
-2.8042718e-03
-1.3405826e-02
-1.6598797e-02
-1.8655140e-02
-2.1935726e-02
-2.5215064e-02
-2.6182537e-02
-2.2776423e-02
-1.3556760e-02
-5.3569398e-04
1.0264935e-02
1.4093796e-02
1.2455907e-02
9.1840563e-03
6.3751776e-03
5.2429626e-03
5.5417233e-03
7.2348054e-03
1.0092057e-02
1.1638319e-02
1.1629398e-02
1.1582706e-02
1.0369134e-02
6.7850772e-03
9.6987381e-04
-6.0228432e-03
-1.1246703e-02
-1.2921831e-02
-1.2951641e-02
-1.3298111e-02
-1.4287565e-02
-1.5317032e-02
-1.5238511e-02
-1.3591489e-02
-1.1054064e-02
-8.8525090e-03
-5.6415759e-03
2.2971064e-04
6.3683286e-03
9.9114610e-03
1.0615796e-02
1.0786853e-02
1.1463799e-02
9.9664625e-03
5.3867440e-03
8.1478850e-04
-1.5324995e-03
-2.5196729e-03
-3.7094454e-03
-5.4399076e-03
-7.4222186e-03
-8.8170908e-03
-7.9715934e-03
-5.0455622e-03
-2.4366889e-03
-1.5009578e-03
-4.3230865e-04
2.6890839e-03
6.5659308e-03
9.2687916e-03
1.0031305e-02
1.0568288e-02
1.2159536e-02
1.1041341e-02
5.7874315e-03
-2.4555381e-04
-4.5572529e-03
-6.2868051e-03
-7.1016625e-03
-9.1201355e-03
-1.1556103e-02
-1.1497716e-02
-8.5273133e-03
-5.6996222e-03
-5.3014560e-03
-6.2577651e-03
-5.3352058e-03
-1.8522138e-03
1.4337411e-03
2.0088818e-03
1.3346389e-03
3.0814349e-03
6.7069179e-03
8.4039680e-03
7.4544157e-03
4.9557180e-03
1.6014170e-03
-9.0489324e-04
-3.1773642e-03
-7.8681801e-03
-1.3932586e-02
-1.8162121e-02
-2.0434511e-02
-2.2665761e-02
-2.6393521e-02
-3.1467745e-02
-3.5566699e-02
-3.6052599e-02
-3.0480734e-02
-1.5057528e-02
8.0620301e-03
2.8539785e-02
4.1892316e-02
4.9216885e-02
5.1125648e-02
4.9346296e-02
4.5093342e-02
3.8387570e-02
2.9285371e-02
1.8532428e-02
7.7760650e-03
-3.8650063e-04
-4.3141197e-03
-6.3901641e-03
-8.3477477e-03
-7.4463105e-03
-2.4852258e-03
5.5170016e-03
1.4710823e-02
2.1043458e-02
2.2983142e-02
2.3750557e-02
2.4737636e-02
2.2939093e-02
1.1491672e-02
-1.0745038e-02
-3.1181946e-02
-4.0383382e-02
-4.0202859e-02
-3.4864257e-02
-2.7028620e-02
-1.8401907e-02
-1.0740868e-02
-4.5160879e-03
2.7417208e-04
3.0248832e-03
3.7966700e-03
4.4451575e-03
7.5144539e-03
1.3632085e-02
2.0667034e-02
2.5328485e-02
2.5318186e-02
2.0331037e-02
1.2013395e-02
2.2624278e-03
-6.2090719e-03
-9.3250928e-03
-6.9699504e-03
-5.5851200e-03
-1.0595323e-02
-1.8434110e-02
-2.1588354e-02
-1.8425843e-02
-1.2803826e-02
-8.4330575e-03
-4.9154571e-03
-3.5448576e-04
2.8898912e-03
3.4526689e-03
4.1347862e-03
4.9965724e-03
5.0396551e-03
4.1094898e-03
1.6658003e-03
3.6164868e-04
1.9816987e-03
4.6521169e-03
6.4764909e-03
6.9011159e-03
7.4054017e-03
9.5209504e-03
1.2772612e-02
1.4845956e-02
1.2275880e-02
5.9342425e-03
1.7007416e-03
1.2152456e-03
4.1440146e-04
-3.5508024e-03
-8.7943018e-03
-1.2806571e-02
-1.6062091e-02
-1.8639749e-02
-1.9788413e-02
-2.0280395e-02
-1.9557267e-02
-1.6485644e-02
-1.3870894e-02
-1.3924454e-02
-1.5086543e-02
-1.5377782e-02
-1.4226647e-02
-1.3156146e-02
-1.4182684e-02
-1.6644483e-02
-1.6924221e-02
-1.2886008e-02
-5.3237699e-03
5.4904059e-03
1.6974917e-02
2.3515988e-02
2.3950153e-02
2.1268931e-02
1.7375229e-02
1.2283128e-02
7.7263345e-03
5.4174889e-03
3.6158947e-03
8.3610878e-04
-2.6336397e-03
-4.9368533e-03
-3.9929367e-03
2.4404045e-04
5.8205024e-03
1.0236976e-02
1.3346490e-02
1.7222501e-02
2.2038455e-02
2.4570493e-02
2.2522420e-02
1.8779217e-02
1.5775539e-02
1.1331366e-02
1.3548105e-03
-1.3320816e-02
-2.4236428e-02
-2.6968561e-02
-2.4443008e-02
-1.9914928e-02
-1.5479115e-02
-1.1599453e-02
-6.4662774e-03
-3.5136707e-04
3.9794052e-03
5.8589598e-03
6.5528737e-03
7.4684999e-03
8.1500029e-03
6.1724421e-03
9.1269378e-04
-5.6211625e-03
-1.0351737e-02
-1.1654832e-02
-1.1615394e-02
-1.2638641e-02
-1.4110839e-02
-1.4200145e-02
-1.2042161e-02
-6.1488707e-03
2.8207414e-03
1.0331663e-02
1.4862730e-02
1.7395622e-02
1.6986577e-02
1.5821315e-02
1.8195435e-02
2.3473179e-02
2.8046723e-02
2.6467164e-02
1.5752244e-02
4.0542756e-04
-1.2830598e-02
-2.0917888e-02
-2.4849136e-02
-2.5182249e-02
-2.0954611e-02
-1.4369394e-02
-9.8804692e-03
-8.7015250e-03
-8.6681831e-03
-6.6106665e-03
-1.1710930e-03
5.6152826e-03
9.4678722e-03
8.0383285e-03
4.0788698e-03
1.0413655e-03
-2.2181647e-04
-1.5248475e-04
8.8810939e-04
5.5187049e-03
1.5491505e-02
2.4800164e-02
2.5803029e-02
1.7493573e-02
6.1661206e-03
-1.2427349e-03
-4.3513123e-03
-5.5043050e-03
-6.0159969e-03
-5.9698282e-03
-4.9698038e-03
-4.1890416e-03
-4.9675662e-03
-7.6503515e-03
-1.0378696e-02
-9.0388751e-03
-2.8056241e-03
4.9142173e-03
1.1644952e-02
1.4973758e-02
1.2070303e-02
4.9126445e-03
-1.1663597e-03
-4.6198170e-03
-7.2331956e-03
-8.7083680e-03
-7.1910099e-03
-3.6576782e-03
-1.2974807e-03
-2.9428878e-04
2.7409423e-03
7.9031621e-03
1.0648508e-02
9.9862676e-03
9.9014301e-03
1.2340677e-02
1.5674212e-02
1.7826034e-02
1.9058364e-02
2.0722049e-02
2.1933577e-02
1.8840188e-02
4.4733803e-03
-1.8090469e-02
-3.3715734e-02
-3.6025840e-02
-2.8797512e-02
-1.7684539e-02
-8.6592896e-03
-4.2813736e-03
-1.7135194e-03
5.8083971e-04
-2.6326754e-04
-3.5456792e-03
-6.7914954e-03
-9.2506523e-03
-1.0458147e-02
-1.2087037e-02
-1.5414161e-02
-1.9219925e-02
-2.2305643e-02
-2.5612970e-02
-2.9988391e-02
-3.4317417e-02
-3.6286505e-02
-3.2666575e-02
-2.2061302e-02
-4.1890348e-03
1.7560088e-02
3.4870927e-02
4.5316600e-02
5.0817287e-02
5.0875615e-02
4.5018725e-02
3.4910870e-02
2.3281906e-02
1.1206146e-02
-1.1623020e-04
-7.9913034e-03
-1.0137020e-02
-7.3792042e-03
-4.2273544e-03
-3.2056510e-03
-3.7572653e-03
-6.0530358e-03
-8.7404011e-03
-9.2171997e-03
-8.3033275e-03
-7.7725489e-03
-6.4420623e-03
-4.4334157e-03
-4.0673852e-03
-7.0736517e-03
-1.0735815e-02
-7.5859437e-03
2.5393602e-03
1.1737311e-02
1.5555068e-02
1.5882194e-02
1.6183093e-02
1.7706900e-02
1.8209904e-02
1.4983325e-02
9.7334463e-03
5.3767019e-03
2.7284427e-03
-2.7057298e-04
-6.1800243e-03
-1.2876476e-02
-1.6721676e-02
-1.8020878e-02
-1.7957153e-02
-1.5236880e-02
-1.0935227e-02
-7.4721000e-03
-3.5657766e-03
1.1246571e-03
1.8369334e-03
-2.9884669e-03
-6.6381968e-03
-4.6801357e-03
6.7409380e-04
5.5211141e-03
8.2071677e-03
9.2159881e-03
8.8580556e-03
7.4124338e-03
5.5200532e-03
3.1046754e-03
-2.4166763e-04
-1.9916252e-03
-1.6610265e-03
-2.4715908e-03
-5.3308526e-03
-8.0260191e-03
-8.6446294e-03
-8.4034433e-03
-9.1276362e-03
-1.1876335e-02
-1.5868455e-02
-1.8339930e-02
-1.7289355e-02
-1.1701612e-02
-4.7829205e-03
-2.3254834e-03
-4.2160163e-03
-6.6450511e-03
-1.0085038e-02
-1.6615019e-02
-2.2604152e-02
-2.4036651e-02
-2.1274406e-02
-1.6478806e-02
-1.1575091e-02
-4.5151538e-03
6.1492596e-03
1.6099712e-02
2.0873215e-02
2.0624493e-02
1.7789865e-02
1.3802994e-02
8.5602176e-03
8.9702735e-04
-8.1297386e-03
-1.5062442e-02
-1.7590342e-02
-1.3823041e-02
-9.8870533e-04
1.6204281e-02
2.6731566e-02
2.9305266e-02
2.9011021e-02
2.7944816e-02
2.6043637e-02
2.3975294e-02
2.2982732e-02
2.1882693e-02
1.9909104e-02
1.8054511e-02
1.6397130e-02
1.4166591e-02
1.1527514e-02
9.0220864e-03
6.1722675e-03
3.4844867e-03
3.0573149e-03
4.6077250e-03
6.6055720e-03
8.6480913e-03
1.0931417e-02
1.3648439e-02
1.4304439e-02
6.5992669e-03
-9.0752953e-03
-2.0796939e-02
-2.2087008e-02
-1.7625539e-02
-1.2778719e-02
-9.5222937e-03
-8.2985631e-03
-7.7267993e-03
-6.7946734e-03
-8.2715541e-03
-1.3278715e-02
-1.7876853e-02
-1.8699686e-02
-1.7141696e-02
-1.6316836e-02
-1.6684058e-02
-1.6208970e-02
-1.3168908e-02
-8.9592113e-03
-6.7595851e-03
-8.1637030e-03
-1.0570338e-02
-8.6695598e-03
-2.6712996e-03
4.7049438e-03
1.2305191e-02
1.7524507e-02
1.9883931e-02
1.9857059e-02
1.6031983e-02
8.0821368e-03
-1.0185927e-03
-6.6450032e-03
-6.9277145e-03
-4.3962448e-03
-2.6015170e-03
-2.2995917e-03
-2.2006481e-03
-1.6813226e-03
-7.1761901e-04
7.5489462e-04
2.7221643e-03
5.4325513e-03
8.2955986e-03
9.2499165e-03
6.9953214e-03
3.3410764e-03
1.3178098e-03
1.3128153e-03
2.5046259e-03
4.4567746e-03
6.2237467e-03
7.7251820e-03
9.1544445e-03
1.0516733e-02
1.2129086e-02
1.4033549e-02
1.6820956e-02
2.0591062e-02
2.2960473e-02
2.2341129e-02
2.0051701e-02
1.5808339e-02
8.6318347e-03
-2.7941490e-04
-1.0318704e-02
-1.9893502e-02
-2.4631309e-02
-2.2713849e-02
-1.6063845e-02
-6.4834238e-03
2.8342827e-03
8.6046866e-03
1.0275352e-02
3.5501063e-03
-1.0440628e-02
-1.9287449e-02
-1.9075326e-02
-1.4806242e-02
-1.1281488e-02
-1.1078353e-02
-1.1792319e-02
-1.1145253e-02
-9.9621385e-03
-9.6087263e-03
-1.0554241e-02
-1.1424450e-02
-9.9928155e-03
-5.6785449e-03
-6.4727829e-04
3.0145209e-03
6.9712185e-03
1.2646128e-02
1.8839424e-02
2.3217077e-02
2.3276484e-02
2.0194398e-02
1.7751637e-02
1.6545490e-02
1.2765542e-02
5.4886335e-03
-1.2872822e-03
-4.7535819e-03
-5.8080249e-03
-6.5885952e-03
-7.1272469e-03
-7.7904628e-03
-9.5119270e-03
-1.1333667e-02
-1.1878268e-02
-1.0942628e-02
-8.7468022e-03
-6.1563466e-03
-3.3714864e-03
-3.0448767e-04
1.7124902e-03
3.0585813e-03
6.2426409e-03
1.1897828e-02
1.7402015e-02
2.0568151e-02
2.1184916e-02
1.8739369e-02
1.3250723e-02
3.8011615e-03
-9.2410595e-03
-1.8853907e-02
-2.0657082e-02
-1.7123012e-02
-1.2943081e-02
-1.1445656e-02
-1.0814478e-02
-8.5512519e-03
-5.0275730e-03
-1.2124326e-03
2.2624491e-03
5.1222622e-03
7.2296211e-03
8.1949353e-03
7.0770528e-03
4.0620164e-03
3.2944381e-04
-3.4123971e-03
-5.6505021e-03
-7.3321896e-03
-1.0890047e-02
-1.4571626e-02
-1.5185101e-02
-1.2145450e-02
-7.1867846e-03
-2.5668608e-03
1.1414080e-03
4.6384955e-03
8.5029041e-03
1.2338117e-02
1.4140898e-02
1.3777969e-02
1.3355037e-02
1.2515417e-02
8.4163262e-03
3.5179924e-04
-9.2055963e-03
-1.6837231e-02
-2.0786280e-02
-2.2166731e-02
-2.1846457e-02
-1.9980469e-02
-1.5336456e-02
-7.2533454e-03
1.2819846e-04
3.1984850e-03
4.7833405e-03
8.0297839e-03
1.1259845e-02
1.3156701e-02
1.3374131e-02
1.2303413e-02
1.0630692e-02
7.1828736e-03
2.0298104e-03
-3.5541999e-03
-8.2903871e-03
-1.0820756e-02
-1.1226495e-02
-1.0333363e-02
-9.4396329e-03
-8.5027817e-03
-4.8359817e-03
1.5254836e-03
6.7498537e-03
8.6688420e-03
8.7061500e-03
9.9247670e-03
1.2447005e-02
1.3321809e-02
1.1819479e-02
9.1781575e-03
5.6247950e-03
1.1894862e-03
-3.1118328e-03
-7.2316895e-03
-1.0891862e-02
-1.2039947e-02
-1.0537009e-02
-8.8784401e-03
-7.8824577e-03
-5.8443639e-03
-1.5200551e-03
4.4183207e-03
9.1561778e-03
1.1365470e-02
1.1741130e-02
1.0852137e-02
1.0146894e-02
7.7754308e-03
1.8225182e-03
-4.0744517e-03
-7.7427248e-03
-1.0907053e-02
-1.4898966e-02
-1.8248406e-02
-1.9229304e-02
-1.8174874e-02
-1.4270711e-02
-6.6312617e-03
2.2545090e-03
8.9323068e-03
1.3463312e-02
1.6880950e-02
1.7756006e-02
1.6131402e-02
1.3586685e-02
1.0977780e-02
8.1103273e-03
4.6845192e-03
5.9240431e-04
-5.0735112e-03
-1.0514868e-02
-1.2385039e-02
-1.1755285e-02
-1.2399602e-02
-1.4126103e-02
-1.3199013e-02
-8.8235267e-03
-4.3513854e-03
-2.4019247e-03
-1.3859573e-03
7.3182919e-04
4.1879508e-03
9.5456689e-03
1.4341020e-02
1.5090265e-02
1.3724532e-02
1.1574153e-02
6.6615207e-03
1.1609146e-05
-5.6593053e-03
-8.8159423e-03
-9.0781240e-03
-7.8131156e-03
-6.8595313e-03
-6.0582578e-03
-2.6530455e-03
3.8038287e-03
9.8356046e-03
1.4090026e-02
1.7458237e-02
2.0701993e-02
2.3762010e-02
2.4164044e-02
2.0496693e-02
1.4821427e-02
8.6896897e-03
2.4367898e-03
-4.2801504e-03
-1.1867921e-02
-1.7931636e-02
-2.0277194e-02
-2.0043648e-02
-1.9016042e-02
-1.7190421e-02
-1.4156759e-02
-8.8665406e-03
5.9649375e-05
1.1025723e-02
1.8963192e-02
1.9975163e-02
1.5312371e-02
8.0244663e-03
-4.6088292e-04
-9.2753754e-03
-1.6156203e-02
-1.8528627e-02
-1.6431657e-02
-1.3039929e-02
-1.1986709e-02
-1.3578192e-02
-1.5085556e-02
-1.4449428e-02
-1.1593970e-02
-8.7081870e-03
-6.3793929e-03
-1.3919778e-03
7.0778218e-03
1.6065302e-02
2.2425656e-02
2.4706622e-02
2.2980807e-02
1.7974884e-02
1.0278107e-02
1.0977487e-03
-6.0878975e-03
-8.7255333e-03
-8.8820133e-03
-9.9862240e-03
-1.1954706e-02
-1.2505931e-02
-1.0231058e-02
-5.8134682e-03
-1.9332099e-03
-4.5107912e-04
3.6074876e-04
3.8187414e-03
9.4732342e-03
1.3722941e-02
1.4397947e-02
1.2497895e-02
1.0098681e-02
6.2955161e-03
4.4975040e-04
-5.8432787e-03
-1.2090201e-02
-1.7045618e-02
-1.9585029e-02
-1.9971705e-02
-1.8149252e-02
-1.4916816e-02
-1.0715334e-02
-5.1763482e-03
2.5396057e-03
1.2811875e-02
2.4524082e-02
3.8468870e-02
5.5330035e-02
7.1557342e-02
8.3314254e-02
9.1144381e-02
9.3624901e-02
8.2039071e-02
4.5136027e-02
-7.6743582e-03
-4.7318229e-02
-6.4047357e-02
-6.6404398e-02
-6.2566930e-02
-5.6810991e-02
-5.0071373e-02
-4.3487044e-02
-3.6985168e-02
-3.0132085e-02
-2.3618403e-02
-1.8030253e-02
-1.3702117e-02
-1.2033290e-02
-1.6249629e-02
-2.9260202e-02
-4.7784778e-02
-6.5567359e-02
-8.2015004e-02
-9.8254546e-02
-1.1214021e-01
-1.2072048e-01
-1.1924450e-01
-1.0030212e-01
-5.1034307e-02
1.7531258e-02
6.5088026e-02
8.1549076e-02
8.3118937e-02
7.7770094e-02
6.9090133e-02
6.1146634e-02
5.7049340e-02
5.5733372e-02
5.4659006e-02
5.3323471e-02
5.3784388e-02
5.5678793e-02
5.5484008e-02
5.2655916e-02
4.6992879e-02
3.8492205e-02
3.0677484e-02
2.4617055e-02
1.7589606e-02
1.0179360e-02
8.5494471e-03
1.5500113e-02
2.2966581e-02
2.1953986e-02
1.2699459e-02
2.1408198e-04
-1.1945796e-02
-2.2255976e-02
-2.8876968e-02
-2.9906664e-02
-2.6637137e-02
-2.1752435e-02
-1.7556044e-02
-1.7916630e-02
-2.4591981e-02
-3.2486856e-02
-3.4875287e-02
-3.1098639e-02
-2.3080376e-02
-1.1909948e-02
1.4837306e-03
1.6133807e-02
2.8653898e-02
3.6604872e-02
4.2358368e-02
4.9313434e-02
5.6823862e-02
5.6732173e-02
3.7349247e-02
3.5917365e-03
-2.3198983e-02
-3.4767827e-02
-3.9582263e-02
-4.5278123e-02
-5.1302509e-02
-5.3401033e-02
-5.0002362e-02
-4.2562216e-02
-3.2882635e-02
-2.2127470e-02
-1.1056975e-02
1.1700900e-03
1.5325520e-02
3.0073645e-02
4.2845229e-02
5.1131891e-02
5.2419556e-02
4.6997633e-02
3.8620470e-02
2.9845996e-02
2.3194160e-02
1.9357918e-02
1.3304496e-02
-7.5746511e-04
-1.9550790e-02
-3.2831510e-02
-3.8468553e-02
-4.2081501e-02
-4.7608656e-02
-5.4460690e-02
-5.8308397e-02
-5.7088285e-02
-5.2573220e-02
-4.5727097e-02
-3.6180872e-02
-2.1488910e-02
-1.2479832e-03
1.9335714e-02
3.6912483e-02
5.0972498e-02
6.0027632e-02
6.3623162e-02
6.1145299e-02
5.0271344e-02
3.3414475e-02
1.7035740e-02
3.8154348e-03
-8.1884497e-03
-2.2266739e-02
-3.5442556e-02
-3.9770760e-02
-3.3360759e-02
-2.1335754e-02
-1.0757224e-02
-3.4147752e-03
4.1453297e-03
1.2167667e-02
1.7432129e-02
1.9762145e-02
2.1936679e-02
2.4233523e-02
2.5613986e-02
2.4810602e-02
2.0387106e-02
1.2877362e-02
4.7911306e-03
-2.1464538e-03
-1.1230582e-02
-2.4075917e-02
-3.6008429e-02
-4.2603838e-02
-4.2936406e-02
-3.8838913e-02
-2.9408689e-02
-1.5721935e-02
-4.3621465e-03
3.2064893e-03
9.1817045e-03
1.3222485e-02
1.4655284e-02
1.5961213e-02
1.8488478e-02
1.8761048e-02
1.5179028e-02
9.4530329e-03
3.4782281e-03
-9.6552685e-04
-2.9483221e-03
-3.1872886e-03
-1.9651506e-03
2.4373445e-03
9.7643406e-03
1.7084595e-02
2.2954720e-02
2.8794789e-02
3.5830246e-02
4.1287354e-02
3.9161150e-02
2.3866907e-02
8.9973114e-04
-1.4213165e-02
-1.8290678e-02
-1.9936434e-02
-2.3183558e-02
-2.7030991e-02
-2.9661505e-02
-3.0823237e-02
-3.2341016e-02
-3.4081403e-02
-3.3759960e-02
-3.1258149e-02
-2.6780904e-02
-2.0138931e-02
-1.1446873e-02
-1.0505273e-03
8.9353099e-03
1.6963450e-02
2.2615356e-02
2.4282959e-02
2.1221517e-02
1.6146255e-02
1.2538950e-02
1.0334392e-02
9.8877372e-03
1.1574269e-02
1.1336127e-02
8.3807808e-03
4.8239842e-03
1.4256844e-04
-4.5707556e-03
-6.2078492e-03
-4.3532374e-03
-1.7187700e-03
4.3032592e-05
2.3967258e-03
6.3184990e-03
1.0031490e-02
1.1096547e-02
9.0299620e-03
5.5690517e-03
2.1509627e-03
-2.3410075e-03
-9.6566036e-03
-1.8241341e-02
-2.4140339e-02
-2.4836055e-02
-2.2070555e-02
-1.8679405e-02
-1.3047348e-02
-3.9811472e-03
4.9036007e-03
1.1248458e-02
1.5349432e-02
1.7452124e-02
1.8832346e-02
2.0526291e-02
2.1380617e-02
1.9173041e-02
1.3295107e-02
5.8476652e-03
8.5348254e-05
-3.4231192e-03
-7.2544824e-03
-1.1703738e-02
-1.3874982e-02
-1.2532809e-02
-1.0671740e-02
-1.0349807e-02
-1.0279215e-02
-8.6400507e-03
-4.7164036e-03
-7.3279164e-04
1.0120138e-03
2.1478876e-03
5.6347347e-03
9.3878619e-03
9.7754033e-03
7.0494299e-03
2.3381542e-03
-2.5489024e-03
-5.6234623e-03
-6.9517078e-03
-8.5646958e-03
-1.0832135e-02
-1.0510888e-02
-6.3285972e-03
-1.0926218e-03
2.9644727e-03
6.6262849e-03
1.1166033e-02
1.5966303e-02
1.8579924e-02
1.6992791e-02
1.3229061e-02
1.1575835e-02
1.1145373e-02
7.8281853e-03
1.8554263e-03
-5.4795261e-03
-1.1016823e-02
-1.0280437e-02
-5.1543141e-03
-3.3137878e-04
1.7525739e-03
1.7376049e-03
5.2448260e-04
-4.0276569e-03
-1.1641289e-02
-1.7600542e-02
-1.8596092e-02
-1.5159632e-02
-1.0986985e-02
-8.1333397e-03
-5.1913061e-03
-1.1600824e-03
3.3886322e-03
6.2835344e-03
5.8536897e-03
2.2243447e-03
-3.5767632e-03
-1.0500225e-02
-1.7887733e-02
-2.2959296e-02
-2.0642354e-02
-1.2062718e-02
-5.0137957e-03
-2.3430869e-03
-5.9554634e-04
2.3731304e-03
5.3559068e-03
7.6443870e-03
8.3894007e-03
7.0577887e-03
5.8232296e-03
5.7728070e-03
6.4340151e-03
6.8741201e-03
6.6611477e-03
8.0291407e-03
1.2683692e-02
1.7623591e-02
1.8353886e-02
1.4305028e-02
7.3983240e-03
1.7972900e-04
-4.3293015e-03
-5.8963717e-03
-7.3475148e-03
-1.0276259e-02
-1.2472960e-02
-1.1963822e-02
-1.1442950e-02
-1.3322522e-02
-1.4860292e-02
-1.2534417e-02
-7.4812142e-03
-3.4575112e-03
-1.0193465e-03
2.2065463e-03
6.9109891e-03
1.0750135e-02
1.1699359e-02
1.1748327e-02
1.2551463e-02
1.2412479e-02
1.1175298e-02
8.6568169e-03
3.4317833e-03
-2.4149266e-03
-5.8115902e-03
-7.9460873e-03
-1.1395048e-02
-1.4845260e-02
-1.5034585e-02
-1.1326565e-02
-6.5708873e-03
-3.0705530e-03
-2.0611109e-04
2.8764801e-03
6.1957058e-03
9.3745216e-03
1.1668895e-02
1.2355202e-02
1.2898073e-02
1.5111379e-02
1.6597391e-02
1.3682324e-02
7.4513467e-03
2.1433072e-03
-7.4277587e-04
-3.5004061e-03
-7.5991641e-03
-1.1252389e-02
-1.2582279e-02
-1.1383804e-02
-8.6384110e-03
-6.0464162e-03
-5.0115255e-03
-3.8689050e-03
-5.2086850e-04
2.2063999e-03
1.9163214e-03
4.1511588e-04
6.8363079e-05
2.1296048e-03
5.6314560e-03
8.4883956e-03
1.0046344e-02
1.0353675e-02
9.5991032e-03
8.4475803e-03
6.0178504e-03
1.3980368e-03
-3.4112537e-03
-5.2340822e-03
-3.4663548e-03
-7.9800836e-04
1.9797430e-03
5.5910737e-03
9.3132243e-03
1.2155899e-02
1.2666592e-02
1.0803655e-02
5.9160244e-03
-8.8019361e-04
-4.1720803e-03
-3.1275917e-03
-7.2132703e-04
2.3371350e-03
6.6657259e-03
1.0648072e-02
1.0993513e-02
6.5021682e-03
-9.5595767e-04
-7.6848804e-03
-1.2633985e-02
-1.7712029e-02
-2.2626484e-02
-2.4510402e-02
-2.2014675e-02
-1.6741205e-02
-1.1119628e-02
-6.5729848e-03
-2.4713771e-03
1.2374479e-03
2.3758646e-03
4.7214031e-04
-1.5525174e-03
-5.9627549e-07
5.0794165e-03
9.7451218e-03
1.1990234e-02
1.2138767e-02
1.0474073e-02
7.8748393e-03
4.2783664e-03
-9.1108367e-04
-6.0975982e-03
-9.0179313e-03
-1.0648090e-02
-1.3483469e-02
-1.6104350e-02
-1.4455833e-02
-8.5597523e-03
-1.9773055e-03
2.8577010e-03
5.2874777e-03
6.8423759e-03
9.0472014e-03
1.1955412e-02
1.5064878e-02
1.6600204e-02
1.5099202e-02
1.1258427e-02
6.2664693e-03
6.1300260e-04
-4.5913919e-03
-7.7626691e-03
-8.8928846e-03
-9.3430695e-03
-1.0566161e-02
-1.2406416e-02
-1.2597305e-02
-9.9396279e-03
-6.7987799e-03
-6.1152219e-03
-6.8172865e-03
-6.0499655e-03
-4.5245908e-03
-4.9057591e-03
-6.2171797e-03
-6.5269329e-03
-6.3416177e-03
-5.4240656e-03
-3.3903577e-03
-1.2212407e-03
