-4.0951541e-01
-4.0361996e-01
-4.0119960e-01
-4.0750117e-01
-4.1330893e-01
-4.1342565e-01
-4.1219405e-01
-4.0910508e-01
-4.1416190e-01
-4.1553025e-01
-4.0918033e-01
-4.1863831e-01
-4.0874551e-01
-4.1051993e-01
-4.0887601e-01
-4.1905581e-01
-4.0875592e-01
-4.0057154e-01
-4.1745917e-01
-4.1085044e-01
-4.1226400e-01
-4.1392577e-01
-4.0494142e-01
-4.0599993e-01
-4.0918733e-01
-4.0201497e-01
-3.9935822e-01
-4.0371925e-01
-4.1917534e-01
-4.2050966e-01
-4.3096395e-01
-4.2030838e-01
-4.2218731e-01
-4.2485890e-01
-4.3108379e-01
-4.3449845e-01
-4.2525622e-01
-4.2712959e-01
-4.2652163e-01
-4.1468722e-01
-4.0177575e-01
-4.0074227e-01
-4.0458403e-01
-4.0564087e-01
-4.0543101e-01
-3.8762462e-01
-3.9562811e-01
-4.0810555e-01
-4.4771492e-01
-4.6780382e-01
-4.6323672e-01
-4.6270717e-01
-4.5066443e-01
-4.3489573e-01
-4.2724470e-01
-4.0525624e-01
-3.9746451e-01
-3.7692435e-01
-3.7859056e-01
-3.6699885e-01
-3.6867305e-01
-3.6956549e-01
-3.9549217e-01
-3.9880355e-01
-4.0131145e-01
-3.8199587e-01
-3.7853077e-01
-3.6073894e-01
-3.4456240e-01
-3.2957129e-01
-2.9807182e-01
-2.6999077e-01
-2.4501357e-01
-2.1941206e-01
-1.9394028e-01
5.0227927e-01
5.2049921e-01
5.1765665e-01
5.2263093e-01
5.2600823e-01
5.1935759e-01
5.0501376e-01
5.0986855e-01
4.8707175e-01
4.6964878e-01
4.6817153e-01
4.6838953e-01
4.5437680e-01
4.7031259e-01
4.8209594e-01
4.8404468e-01
5.0716966e-01
5.0116475e-01
5.1313377e-01
5.2426235e-01
5.4496852e-01
5.3989386e-01
5.5017852e-01
5.5602543e-01
5.5593958e-01
-7.3355296e-02
-7.1268579e-02
-6.2940740e-02
-6.6553591e-02
-6.5888293e-02
-7.4612621e-02
-7.9324507e-02
-7.9267097e-02
-7.3578769e-02
-7.5999831e-02
-7.7586466e-02
-8.2223904e-02
-9.5337151e-02
-9.2384977e-02
-8.5141261e-02
-9.5327903e-02
-8.7096675e-02
-9.4432170e-02
-7.4878973e-02
-1.0433697e-01
-1.0179035e-01
-9.3938836e-02
-9.8209421e-02
-1.0248932e-01
-1.0257866e-01
5.4940123e-01
5.3720677e-01
5.4266414e-01
5.4014183e-01
5.4462894e-01
5.4649541e-01
5.5430393e-01
5.4323712e-01
5.4058802e-01
5.4355439e-01
5.4701255e-01
5.2903259e-01
5.4215941e-01
5.4063637e-01
5.5658443e-01
5.3912122e-01
5.3037016e-01
5.4764899e-01
5.4616049e-01
5.3250224e-01
5.3549960e-01
5.3205804e-01
5.3839987e-01
5.5133484e-01
5.3144922e-01
5.4754268e-01
5.5799565e-01
5.6330618e-01
5.6002131e-01
5.7046151e-01
5.7655198e-01
5.7662936e-01
5.6722729e-01
5.7853582e-01
5.7462920e-01
5.7201984e-01
5.7466348e-01
5.7902735e-01
5.7751149e-01
5.5838932e-01
5.6427460e-01
5.7608733e-01
5.7871739e-01
5.5642285e-01
5.6425642e-01
5.6952139e-01
5.7351204e-01
5.6834705e-01
5.6759131e-01
5.6943031e-01
5.5032990e-01
5.5516292e-01
5.4685965e-01
5.4614135e-01
5.4053284e-01
5.4807109e-01
5.5000707e-01
5.4724661e-01
5.4578870e-01
5.3824703e-01
5.4043114e-01
5.3605648e-01
5.4323867e-01
5.4833461e-01
5.5192999e-01
5.3174237e-01
5.3714331e-01
5.4644700e-01
5.4607818e-01
5.3625335e-01
5.5061718e-01
5.4276229e-01
5.4166966e-01
5.5377728e-01
5.3475756e-01
5.5693957e-01
5.5817301e-01
5.4556575e-01
5.5626475e-01
5.5321463e-01
5.4528920e-01
5.4037955e-01
5.5741566e-01
5.5434956e-01
5.5670455e-01
5.5762209e-01
5.5614479e-01
5.5690109e-01
5.6283072e-01
5.7158612e-01
5.5267987e-01
5.7959931e-01
5.6927732e-01
5.6518762e-01
5.5757393e-01
5.6478072e-01
5.5031633e-01
5.4197427e-01
5.4822571e-01
5.6206641e-01
-1.2784211e-01
-1.2251469e-01
-1.1802089e-01
-1.2920316e-01
-1.2477058e-01
-1.2971419e-01
-1.2361534e-01
-1.2353706e-01
-1.2893124e-01
-1.3465569e-01
-1.3551856e-01
-1.3059044e-01
-1.2210920e-01
-1.4239690e-01
-1.3754301e-01
-1.4679752e-01
-1.3527101e-01
-1.3121043e-01
-1.3626063e-01
-1.4805741e-01
-1.4948910e-01
-1.3760939e-01
-1.3388344e-01
-1.4445063e-01
-1.4203637e-01
5.4507318e-01
5.3525734e-01
5.3072882e-01
5.4334597e-01
5.3717251e-01
5.2814108e-01
5.3404650e-01
5.4172149e-01
5.2640934e-01
5.2844875e-01
5.2871513e-01
5.3310768e-01
5.3281966e-01
5.3815556e-01
5.4312387e-01
5.4098169e-01
5.3572775e-01
5.3566010e-01
5.5724344e-01
5.4311981e-01
5.4050586e-01
5.4491769e-01
5.4760355e-01
5.5824925e-01
5.4712537e-01
-1.0971744e-01
-1.1725828e-01
-1.0576029e-01
-1.1546114e-01
-1.2184220e-01
-1.3442666e-01
-1.2749185e-01
-1.2769142e-01
-1.3060426e-01
-1.3609327e-01
-1.2680518e-01
-1.3937200e-01
-1.4739719e-01
-1.5476264e-01
-1.5097864e-01
-1.4045393e-01
-1.3544192e-01
-1.5426290e-01
-1.6442833e-01
-1.6097390e-01
-1.7372362e-01
-1.6571751e-01
-1.5868831e-01
-1.7083171e-01
-1.6889767e-01
5.2351449e-01
5.3154032e-01
5.1750504e-01
5.1631447e-01
5.3632233e-01
5.3697238e-01
5.4247308e-01
5.3073784e-01
5.2594358e-01
5.3649382e-01
5.4028586e-01
5.3846098e-01
5.2714169e-01
5.3444238e-01
5.3127707e-01
5.3353033e-01
5.3115728e-01
5.3414350e-01
5.4050644e-01
5.1712661e-01
5.3838071e-01
5.2578485e-01
5.2999615e-01
5.1860384e-01
5.3672494e-01
5.1688055e-01
5.3620578e-01
5.2241403e-01
5.1954913e-01
5.1507771e-01
5.2355357e-01
5.2880219e-01
5.2155719e-01
5.0517141e-01
5.2052770e-01
5.3460999e-01
5.0987269e-01
5.1048717e-01
5.0076689e-01
5.0867604e-01
5.1018166e-01
4.9282354e-01
4.9054819e-01
5.0569819e-01
4.9257864e-01
5.0050548e-01
4.9621682e-01
4.9807339e-01
4.9851117e-01
4.9918245e-01
4.9200595e-01
4.9306558e-01
5.0080059e-01
5.0147304e-01
5.0710464e-01
4.8802832e-01
4.8605641e-01
4.9905532e-01
4.9637151e-01
4.9161520e-01
5.1353811e-01
5.0454279e-01
4.9178827e-01
4.9751829e-01
4.9856613e-01
4.8916369e-01
4.9898625e-01
5.1513608e-01
5.0538297e-01
5.1368664e-01
5.0468963e-01
4.9537772e-01
4.9654656e-01
4.8667571e-01
5.0536241e-01
5.3167833e-01
5.0572439e-01
5.2584952e-01
5.2733444e-01
5.1585762e-01
5.2265630e-01
5.2015759e-01
5.2966293e-01
5.3095294e-01
5.4018693e-01
5.4073914e-01
5.3323215e-01
5.3120650e-01
5.3796803e-01
5.4745232e-01
5.3485506e-01
5.3662055e-01
5.3415202e-01
5.4446441e-01
5.2919551e-01
5.1176293e-01
5.3070742e-01
5.3173146e-01
5.2182978e-01
5.2967705e-01
-1.8080166e-01
-1.8359551e-01
-1.8622576e-01
-1.8866792e-01
-1.7267003e-01
-1.9162119e-01
-1.8880653e-01
-1.8700764e-01
-1.7705519e-01
-1.7859193e-01
-1.8700780e-01
-1.9392438e-01
-1.9333000e-01
-1.8330090e-01
-1.8925487e-01
-2.0475819e-01
-1.9446326e-01
-1.8374985e-01
-1.8191398e-01
-1.8482048e-01
-1.9419979e-01
-1.8276758e-01
-1.8411720e-01
-1.8029361e-01
-1.8081446e-01
-1.8688379e-01
-1.7504875e-01
-1.7420014e-01
-1.7127840e-01
-1.7107463e-01
-1.7741002e-01
-1.7786571e-01
-1.7580837e-01
-1.7762239e-01
-1.6805473e-01
-1.7115346e-01
-1.7850560e-01
-1.6039979e-01
-1.4940551e-01
-1.5545665e-01
-1.6179449e-01
-1.5067770e-01
-1.5271398e-01
-1.3879867e-01
-1.2951185e-01
-1.3855444e-01
-1.4581208e-01
-1.3248488e-01
-1.4161625e-01
-1.3830432e-01
-1.5225732e-01
-1.4982065e-01
-1.4186148e-01
-1.5262558e-01
-1.5341162e-01
-1.5329548e-01
-1.4320343e-01
-1.5566061e-01
-1.5373276e-01
-1.5646220e-01
-1.5451514e-01
-1.5948404e-01
-1.5612989e-01
-1.5402323e-01
-1.6236641e-01
-1.6669106e-01
-1.6779109e-01
-1.5403625e-01
-1.6473403e-01
-1.7152347e-01
-1.6816592e-01
-1.5471243e-01
-1.6478761e-01
-1.5937093e-01
-1.6210567e-01
4.9581694e-01
5.1439815e-01
5.0848322e-01
5.2469862e-01
5.1292720e-01
5.1141823e-01
5.1402403e-01
5.1692463e-01
5.1937487e-01
5.2949547e-01
5.1404031e-01
5.3272999e-01
5.3623969e-01
5.3731731e-01
5.3045090e-01
5.3082170e-01
5.3520066e-01
5.2900829e-01
5.2048247e-01
5.2817921e-01
5.2166261e-01
5.2725471e-01
5.3452193e-01
5.2188786e-01
5.5266668e-01
-1.0208535e-01
-1.1043714e-01
-1.0145060e-01
-1.0811124e-01
-1.0142514e-01
-1.0914024e-01
-1.0661645e-01
-1.0402735e-01
-1.1436976e-01
-1.0917305e-01
-1.1654930e-01
-1.1661893e-01
-1.1796370e-01
-1.1741706e-01
-1.1238188e-01
-1.1789991e-01
-1.1596453e-01
-1.2500450e-01
-1.3228476e-01
-1.2319830e-01
-1.1525183e-01
-1.2375785e-01
-1.2568958e-01
-1.3811843e-01
-1.2916486e-01
5.3178147e-01
5.3217279e-01
5.3896645e-01
5.3846071e-01
5.3359141e-01
5.3577479e-01
5.4353229e-01
5.3310646e-01
5.2317548e-01
5.4017288e-01
5.2942020e-01
5.2657671e-01
5.3163856e-01
5.3919092e-01
5.5015319e-01
5.4118904e-01
5.3964060e-01
5.4284799e-01
5.3949374e-01
5.4293102e-01
5.4498612e-01
5.4577875e-01
5.4768288e-01
5.4050591e-01
5.3923939e-01
5.5535186e-01
5.4933867e-01
5.5335468e-01
5.5957653e-01
5.6227137e-01
5.6232104e-01
5.7898099e-01
5.8153485e-01
5.6696403e-01
5.7324647e-01
5.7957121e-01
5.8024056e-01
5.7078366e-01
5.7150075e-01
5.7345750e-01
5.7345387e-01
5.7658101e-01
5.5684423e-01
5.5571174e-01
5.6191832e-01
5.6699735e-01
5.5990377e-01
5.5760184e-01
5.6480986e-01
5.4539518e-01
-1.1359620e-01
-1.1986761e-01
-1.0923371e-01
-1.1619279e-01
-1.0701455e-01
-1.3064412e-01
-1.2730681e-01
-1.2068938e-01
-1.2044824e-01
-1.2556335e-01
-1.2674436e-01
-1.3004688e-01
-1.1234856e-01
-1.1574347e-01
-1.1283512e-01
-1.1044466e-01
-1.1510247e-01
-1.1146038e-01
-1.0488882e-01
-1.1942833e-01
-1.2445709e-01
-1.1274518e-01
-1.1097190e-01
-1.0204292e-01
-1.0478914e-01
5.7170038e-01
5.8091485e-01
5.6082630e-01
5.6857169e-01
5.7589740e-01
5.6711706e-01
5.6813891e-01
5.7473168e-01
5.6072774e-01
5.6060593e-01
5.6382656e-01
5.5787628e-01
5.7352010e-01
5.6540448e-01
5.6836531e-01
5.8175769e-01
5.5095706e-01
5.5876696e-01
5.8007927e-01
5.8829987e-01
5.7902541e-01
5.7063023e-01
5.6934894e-01
5.7205987e-01
5.6723487e-01
-9.4334947e-02
-1.1582472e-01
-9.6188421e-02
-1.0269140e-01
-1.0920306e-01
-1.0988446e-01
-1.0938943e-01
-1.1809110e-01
-1.1655952e-01
-1.2439738e-01
-1.1742330e-01
-1.2085333e-01
-1.2198252e-01
-1.2697889e-01
-1.3086637e-01
-1.1896445e-01
-1.3299576e-01
-1.2367438e-01
-1.3316484e-01
-1.3807504e-01
-1.2699847e-01
-1.2047775e-01
-1.3082768e-01
-1.2835793e-01
-1.3613006e-01
5.2495217e-01
5.1795042e-01
5.1714858e-01
5.1586738e-01
5.1342823e-01
5.2244273e-01
5.1958297e-01
5.2400480e-01
5.1148883e-01
5.2579165e-01
5.2586847e-01
5.2205302e-01
5.1758785e-01
5.2328844e-01
5.2706468e-01
5.3310586e-01
5.3083966e-01
5.2502537e-01
5.2155243e-01
5.2632978e-01
5.3085562e-01
5.2521108e-01
5.2319234e-01
5.3018805e-01
5.2788992e-01
-1.2087687e-01
-1.1473418e-01
-1.1501804e-01
-1.2509227e-01
-1.2280500e-01
-1.2790377e-01
-1.2895704e-01
-1.4681032e-01
-1.5318268e-01
-1.3639275e-01
-1.4586450e-01
-1.4950108e-01
-1.5620948e-01
-1.5973153e-01
-1.4783200e-01
-1.5553694e-01
-1.7020374e-01
-1.6160151e-01
-1.6452841e-01
-1.7054025e-01
-1.6940944e-01
-1.7007030e-01
-1.7901344e-01
-1.7713308e-01
-1.9018212e-01
4.6399607e-01
4.5564315e-01
4.5412358e-01
4.7259054e-01
4.4808557e-01
4.4582031e-01
4.4033644e-01
4.2341804e-01
4.1810824e-01
4.1672305e-01
4.0710965e-01
3.9812018e-01
3.8045778e-01
3.8431010e-01
3.7049153e-01
3.7050809e-01
3.5967259e-01
3.5648398e-01
3.2543606e-01
3.0936456e-01
3.1187998e-01
3.0923449e-01
3.0812339e-01
3.0081217e-01
3.0098230e-01
2.7377940e-01
2.7156695e-01
2.5988516e-01
2.5405324e-01
2.5559224e-01
2.6243044e-01
2.4328555e-01
2.4639889e-01
2.5803779e-01
2.4495776e-01
2.3083071e-01
2.2753977e-01
2.1329965e-01
2.1537452e-01
2.0074875e-01
1.4748257e-01
1.1812031e-01
1.1345053e-01
8.7152011e-02
4.6809538e-02
1.4173578e-02
-5.9147096e-03
-2.2781041e-02
-4.9173288e-02
-6.1915308e-02
-6.2979060e-01
-6.4556414e-01
-6.4520979e-01
-6.4418237e-01
-6.5073942e-01
-6.5763061e-01
-6.5228133e-01
-6.4366577e-01
-6.4645173e-01
-6.6220638e-01
-6.5586416e-01
-6.5628813e-01
-6.5811232e-01
-6.5640174e-01
-6.4654478e-01
-6.5231392e-01
-6.3850101e-01
-6.2718773e-01
-6.1739168e-01
-6.1967815e-01
-6.1448158e-01
-6.2767611e-01
-6.2069518e-01
-6.0658295e-01
-6.1121572e-01
-6.0262041e-01
-6.0001718e-01
-6.0029399e-01
-6.0354804e-01
-6.0584710e-01
-5.9674861e-01
-5.8587955e-01
-5.8256469e-01
-5.8438755e-01
-5.8563042e-01
-5.9384092e-01
-5.9384278e-01
-5.8301594e-01
-5.6867432e-01
-5.7579847e-01
-5.7714187e-01
-5.7761706e-01
-5.7318784e-01
-5.7746508e-01
-5.8424601e-01
-5.9519706e-01
-6.0211709e-01
-5.9753963e-01
-5.8942891e-01
-5.9491360e-01
-2.5303291e-02
-2.9834489e-02
-2.8558237e-02
-4.0885109e-02
-4.6303172e-02
-3.8482399e-02
-2.5608866e-02
-3.5957445e-02
-3.1145536e-02
-3.6673892e-02
-4.3192696e-02
-4.5620804e-02
-5.2452850e-02
-3.0075492e-02
-3.1912137e-02
-3.8170157e-02
-5.9185542e-02
-6.7786187e-02
-4.8963776e-02
-2.7891761e-02
-3.3593504e-02
-2.9713049e-02
-5.3298465e-02
-7.1377150e-02
-5.9913151e-02
-3.7603789e-02
-2.7493637e-02
-4.4994798e-02
-5.4465314e-02
-6.3433926e-02
-2.9055245e-02
-1.7430724e-02
-3.3672600e-02
-4.2495486e-02
-5.9208978e-02
-3.8365377e-02
-2.9567804e-02
-1.1027808e-02
-2.3781278e-02
-4.4459064e-02
-4.4580442e-02
-3.9643942e-02
-1.1935612e-02
-2.0054666e-02
-2.4979704e-02
-3.9715714e-02
-3.3368226e-02
-3.8526646e-02
-2.1407649e-02
-2.6216261e-02
-6.0138490e-01
-6.0895404e-01
-6.1751632e-01
-6.2315921e-01
-6.2198744e-01
-6.2534309e-01
-6.3309685e-01
-6.3171615e-01
-6.4439052e-01
-6.3573365e-01
-6.3686511e-01
-6.3822057e-01
-6.5515865e-01
-6.5164949e-01
-6.5634511e-01
-6.5179523e-01
-6.4046544e-01
-6.5492278e-01
-6.5491520e-01
-6.5576433e-01
-6.5441931e-01
-6.6141443e-01
-6.5692562e-01
-6.5414651e-01
-6.5999553e-01
-6.5444640e-01
-6.6055596e-01
-6.5699781e-01
-6.5157880e-01
-6.6331921e-01
-6.6023978e-01
-6.7073392e-01
-6.6102492e-01
-6.7027910e-01
-6.6531077e-01
-6.6937099e-01
-6.6851369e-01
-6.7014437e-01
-6.6891799e-01
-6.6937596e-01
-6.6044148e-01
-6.6640207e-01
-6.6413797e-01
-6.6466771e-01
-6.6814696e-01
-6.5833803e-01
-6.5921022e-01
-6.6411984e-01
-6.6403037e-01
-6.6407014e-01
-5.7812099e-02
-5.0438464e-02
-3.7085736e-02
-3.4282342e-02
-5.5028869e-02
-4.9415644e-02
-4.7258094e-02
-4.6123171e-02
-4.8271091e-02
-5.4182088e-02
-4.8953719e-02
-5.3687331e-02
-7.1839789e-02
-6.5639864e-02
-6.1965113e-02
-5.4844360e-02
-5.5818654e-02
-6.1563800e-02
-6.8894114e-02
-8.2815843e-02
-5.4416578e-02
-7.2201439e-02
-7.7998939e-02
-7.7517343e-02
-8.5898771e-02
-6.9102059e-01
-6.9820935e-01
-7.0146842e-01
-6.9824084e-01
-7.0607488e-01
-6.9726012e-01
-7.0989929e-01
-7.0870180e-01
-7.0627985e-01
-7.0362719e-01
-7.1388677e-01
-7.0503556e-01
-7.0770671e-01
-7.0688757e-01
-7.1654533e-01
-7.1025227e-01
-7.0870580e-01
-7.2513881e-01
-7.1160351e-01
-7.1555327e-01
-7.2020692e-01
-7.2368443e-01
-7.1998718e-01
-7.1479102e-01
-7.1154431e-01
-7.2330340e-01
-7.1017515e-01
-7.0953043e-01
-7.1087302e-01
-7.1222677e-01
-7.2079537e-01
-7.0750253e-01
-7.1200084e-01
-7.1653974e-01
-7.0668068e-01
-7.0995911e-01
-7.1134608e-01
-7.1526645e-01
-7.0400714e-01
-6.9792167e-01
-7.0286829e-01
-7.0849474e-01
-7.0997660e-01
-7.0653119e-01
-7.1017006e-01
-7.1926816e-01
-7.2383081e-01
-7.1527434e-01
-7.2876687e-01
-7.1790664e-01
-7.3262555e-01
-7.2586801e-01
-7.2597454e-01
-7.2698821e-01
-7.4422283e-01
-7.3441777e-01
-7.3889510e-01
-7.3796860e-01
-7.3707312e-01
-7.3989277e-01
-7.3628501e-01
-7.3912217e-01
-7.3732601e-01
-7.4448208e-01
-7.3117714e-01
-7.3764049e-01
-7.3760802e-01
-7.3786223e-01
-7.3968575e-01
-7.4651552e-01
-7.4496408e-01
-7.4361399e-01
-7.4205914e-01
-7.4647815e-01
-7.5452814e-01
-7.4390299e-01
-7.4616569e-01
-7.4351430e-01
-7.4736808e-01
-7.5201172e-01
-7.4702311e-01
-7.4505518e-01
-7.3681374e-01
-7.5026244e-01
-7.3701736e-01
-7.4284361e-01
-7.3997488e-01
-7.4793171e-01
-7.4928083e-01
-7.3897211e-01
-7.5083380e-01
-7.4564159e-01
-7.4070094e-01
-7.4586797e-01
-7.4483458e-01
-7.4202543e-01
-7.4669354e-01
-7.4365467e-01
-7.5053804e-01
-7.4493127e-01
-7.4540961e-01
-7.4445131e-01
-7.4074155e-01
-7.5210656e-01
-7.6397924e-01
-7.6686563e-01
-7.7466532e-01
-7.6093064e-01
-7.7075880e-01
-7.7827733e-01
-7.7777087e-01
-7.7820057e-01
-7.7133332e-01
-7.7437969e-01
-7.7673693e-01
-7.8479829e-01
-7.8325259e-01
-7.8172942e-01
-7.8461482e-01
-7.9466445e-01
-7.9152895e-01
-7.9923600e-01
-7.8168415e-01
-7.8748151e-01
-7.8333321e-01
-7.8501375e-01
-7.9912592e-01
-7.9436056e-01
-8.0201679e-01
-7.9726207e-01
-8.1014797e-01
-7.9555679e-01
-7.9183170e-01
-7.9575502e-01
-8.0837598e-01
-8.0334931e-01
-8.1327123e-01
-7.9389403e-01
-8.0730248e-01
-8.1488642e-01
-7.9779295e-01
-8.0637312e-01
-8.0350447e-01
-8.0119588e-01
-8.0744870e-01
-7.9942341e-01
-7.9570432e-01
-8.0133244e-01
-8.0800586e-01
-8.0625104e-01
-1.6528927e-01
-1.5254809e-01
-1.5857216e-01
-1.5891472e-01
-1.4932545e-01
-1.5180446e-01
-1.4264444e-01
-1.5117284e-01
-1.5720493e-01
-1.4458742e-01
-1.6413641e-01
-1.7225004e-01
-1.7342363e-01
-1.7158461e-01
-1.7545166e-01
-1.8104532e-01
-1.6502587e-01
-1.7049065e-01
-1.7869102e-01
-1.7514196e-01
-1.8220973e-01
-1.8304001e-01
-1.7100304e-01
-1.7185690e-01
-1.8069533e-01
-8.3142115e-01
-8.4353609e-01
-8.3411706e-01
-8.3313561e-01
-8.3816022e-01
-8.3197326e-01
-8.2992723e-01
-8.4720842e-01
-8.4330077e-01
-8.3923025e-01
-8.3805907e-01
-8.5033389e-01
-8.5751358e-01
-8.5390888e-01
-8.5606104e-01
-8.4803787e-01
-8.4578821e-01
-8.5425419e-01
-8.4833701e-01
-8.4283547e-01
-8.4355156e-01
-8.4867129e-01
-8.5195877e-01
-8.4041955e-01
-8.3492848e-01
-8.3243031e-01
-8.3667552e-01
-8.3982857e-01
-8.3341529e-01
-8.3087016e-01
-8.2853235e-01
-8.3129137e-01
-8.4116373e-01
-8.3750499e-01
-8.3178952e-01
-8.2390960e-01
-8.2007195e-01
-8.1644219e-01
-8.2429358e-01
-8.3120131e-01
-8.2766397e-01
-8.4264894e-01
-8.3936903e-01
-8.3276102e-01
-8.3613459e-01
-8.4934403e-01
-8.4029228e-01
-8.3946123e-01
-8.4236000e-01
-8.4600630e-01
-8.5739968e-01
-8.6776799e-01
-8.6266606e-01
-8.4175052e-01
-8.4492679e-01
-8.5969326e-01
-8.7017351e-01
-8.6552268e-01
-8.6358979e-01
-8.5842575e-01
-8.5711028e-01
-8.6992420e-01
-8.6849792e-01
-8.6544079e-01
-8.6934547e-01
-8.6875899e-01
-8.6510864e-01
-8.7505559e-01
-8.7403440e-01
-8.6292254e-01
-8.5701096e-01
-8.6896579e-01
-8.6627333e-01
-8.7089273e-01
-8.7380501e-01
-8.7360159e-01
-8.7635255e-01
-8.6901543e-01
-8.7961409e-01
-8.6973681e-01
-8.8370919e-01
-8.7838266e-01
-8.8303856e-01
-8.7638118e-01
-8.8013788e-01
-8.8049076e-01
-8.8182316e-01
-8.8798461e-01
-8.8729456e-01
-8.8541972e-01
-8.8944590e-01
-8.9807834e-01
-8.9527792e-01
-8.9556823e-01
-9.0991080e-01
-9.1580444e-01
-9.1520999e-01
-9.3353674e-01
-9.2547195e-01
-9.1805288e-01
-9.1890413e-01
-9.4151392e-01
-9.3823912e-01
-9.3848393e-01
-9.2936152e-01
-9.4346775e-01
-9.3399246e-01
-9.4451861e-01
-9.2872983e-01
-9.2562011e-01
-9.1169354e-01
-9.0339686e-01
-8.8656931e-01
-8.6233330e-01
-8.4609636e-01
-8.2965864e-01
-8.2386978e-01
-8.0919094e-01
-7.9889290e-01
-7.9181411e-01
-7.8933092e-01
-7.6497003e-01
-7.4771959e-01
-7.3987607e-01
-7.2894612e-01
-7.1262131e-01
-7.1089344e-01
-7.0186756e-01
-6.9977883e-01
-6.8506175e-01
-6.8266820e-01
-6.7211957e-01
-6.5752336e-01
-6.7048898e-01
-6.7115030e-01
-6.5643439e-01
-6.5529275e-01
-6.4246198e-01
-6.3128358e-01
-6.2971275e-01
-6.1488047e-01
-6.1510428e-01
-6.0152605e-01
-5.8753732e-01
-5.7287684e-01
-5.7445910e-01
-5.6133510e-01
-5.3066229e-01
-5.2395191e-01
-5.1229670e-01
-5.0462137e-01
-5.0120635e-01
-4.7772848e-01
-4.6956505e-01
-4.6757901e-01
-4.7838089e-01
-4.6120827e-01
-4.6471688e-01
-4.6958727e-01
-4.6402974e-01
-4.7175262e-01
-4.5981927e-01
-4.6040651e-01
-4.7118267e-01
-4.7885163e-01
-4.7220685e-01
-4.6991175e-01
-4.7114215e-01
-4.7493945e-01
-4.6060470e-01
-4.6760504e-01
-4.6864089e-01
-4.5999130e-01
-4.6843665e-01
-4.7808396e-01
-4.7750549e-01
-4.7113916e-01
-4.6990726e-01
-4.7875414e-01
-4.7542051e-01
-4.7906340e-01
-4.6108068e-01
-4.5802068e-01
-4.5726510e-01
-4.5331449e-01
-4.5890397e-01
-4.5852338e-01
-4.5820555e-01
-4.5108892e-01
-4.5776173e-01
-4.5640931e-01
-4.5247557e-01
-4.5987290e-01
-4.5402843e-01
-4.5637062e-01
-4.4506829e-01
-4.3766408e-01
-4.4450254e-01
-4.5362718e-01
-4.4177798e-01
2.8834619e-01
2.8884368e-01
2.8924434e-01
2.9246536e-01
2.8737879e-01
2.9360914e-01
3.0214645e-01
3.0535495e-01
2.9725632e-01
3.0941828e-01
3.1344579e-01
3.0858919e-01
3.1250321e-01
3.0887170e-01
3.1255773e-01
3.0007002e-01
3.0185140e-01
3.0019436e-01
3.0858033e-01
3.1259721e-01
2.9603862e-01
2.9753088e-01
2.9174242e-01
3.0095496e-01
2.8945977e-01
2.7723343e-01
2.6504884e-01
2.8309177e-01
2.8533632e-01
2.8175207e-01
2.7665808e-01
2.6803214e-01
2.7536869e-01
2.6820959e-01
2.5313965e-01
2.7490368e-01
2.7337019e-01
2.6631743e-01
2.7461027e-01
2.7489908e-01
2.6713266e-01
2.8203995e-01
2.8900173e-01
2.7667712e-01
2.7981975e-01
2.9420330e-01
2.7721479e-01
2.7825694e-01
2.7784718e-01
2.7979385e-01
2.8109223e-01
2.7227493e-01
2.7999633e-01
2.7991318e-01
2.9489932e-01
2.9103654e-01
2.7848560e-01
2.7180466e-01
2.9020107e-01
2.8094529e-01
2.7807395e-01
2.7978199e-01
2.8716710e-01
2.9254417e-01
2.8548304e-01
2.8698779e-01
2.9508130e-01
2.8631882e-01
2.9376812e-01
3.0097982e-01
2.9408319e-01
3.0077267e-01
2.9806229e-01
2.9528085e-01
2.9084433e-01
-4.2939900e-01
-4.1595372e-01
-4.2328260e-01
-4.2307626e-01
-4.3283761e-01
-4.3271927e-01
-4.2477134e-01
-4.2462973e-01
-4.3085399e-01
-4.3615528e-01
-4.2574541e-01
-4.2378343e-01
-4.2966912e-01
-4.3622189e-01
-4.3673047e-01
-4.4088966e-01
-4.3208042e-01
-4.4725437e-01
-4.3382058e-01
-4.4514650e-01
-4.4632920e-01
-4.4907930e-01
-4.3800103e-01
-4.3885468e-01
-4.3630607e-01
-4.3560527e-01
-4.2937454e-01
-4.3875516e-01
-4.3982683e-01
-4.3995179e-01
-4.3445088e-01
-4.3168348e-01
-4.4003360e-01
-4.4513708e-01
-4.3779718e-01
-4.2758108e-01
-4.2738158e-01
-4.1334664e-01
-4.1954185e-01
-4.2286134e-01
-4.0869048e-01
-4.0932314e-01
-4.0636182e-01
-4.1556396e-01
-4.0975030e-01
-4.0597375e-01
-3.9671876e-01
-4.0122035e-01
-3.9419662e-01
-4.0032690e-01
3.0968763e-01
3.1894875e-01
3.1266318e-01
3.0966699e-01
3.1940369e-01
3.1098451e-01
3.0586843e-01
3.1518436e-01
3.1445276e-01
3.3285479e-01
3.2384551e-01
3.0046212e-01
3.1123616e-01
2.9952879e-01
3.1359571e-01
3.0818041e-01
3.1193769e-01
3.0940860e-01
3.1313997e-01
3.2592300e-01
3.0667853e-01
3.1772183e-01
3.0461019e-01
3.0916112e-01
3.1510884e-01
-4.1639088e-01
-4.2295369e-01
-4.2228349e-01
-4.2060681e-01
-4.0811014e-01
-4.2330153e-01
-4.1404326e-01
-4.1222831e-01
-4.1247605e-01
-4.1645984e-01
-4.2732963e-01
-4.2554889e-01
-4.2261560e-01
-4.2419156e-01
-4.1088686e-01
-4.1222207e-01
-4.1242180e-01
-4.1681872e-01
-4.2424304e-01
-4.1110634e-01
-4.1123294e-01
-4.0138579e-01
-4.0245873e-01
-3.8918494e-01
-3.9772329e-01
-3.9303704e-01
-4.0124197e-01
-3.9782549e-01
-3.9194426e-01
-4.0177034e-01
-3.9371446e-01
-3.8746266e-01
-4.0026481e-01
-3.8895778e-01
-3.8442682e-01
-3.8650761e-01
-3.8649334e-01
-3.8773947e-01
-4.0158701e-01
-3.9382819e-01
-3.9390264e-01
-3.9632618e-01
-4.0002486e-01
-4.0348236e-01
-4.0072167e-01
-4.1069472e-01
-4.0100673e-01
-4.0901750e-01
-4.1071371e-01
-3.9544409e-01
-4.0481572e-01
-4.0776980e-01
-4.0819698e-01
-3.9947412e-01
-3.9501999e-01
-3.9543897e-01
-3.9159645e-01
-3.9873153e-01
-3.9519870e-01
-3.9608243e-01
-4.0048583e-01
-4.0034833e-01
-4.0226810e-01
-3.9231805e-01
-3.8890108e-01
-3.9138783e-01
-3.8555232e-01
-3.9061076e-01
-3.8958216e-01
-3.8767568e-01
-3.8880562e-01
-3.8480788e-01
-3.9337379e-01
-3.8625057e-01
-3.8535145e-01
-3.6996559e-01
-3.7542783e-01
-3.7999965e-01
-3.7252756e-01
-3.6559838e-01
-3.6142609e-01
-3.5740789e-01
-3.5431078e-01
-3.5158009e-01
-3.5124968e-01
-3.3713092e-01
-3.3535785e-01
-3.2686294e-01
-3.2739357e-01
-3.2935560e-01
-3.2186428e-01
-3.2379126e-01
-3.2072569e-01
-3.2812112e-01
-3.2918950e-01
-3.2566267e-01
-3.1943630e-01
-3.3615485e-01
-3.3168402e-01
-3.2235472e-01
-3.2382759e-01
-3.2962274e-01
-3.2659865e-01
-3.3387677e-01
-3.2716012e-01
-3.3704593e-01
-3.3680425e-01
-3.3602197e-01
-3.4116375e-01
-3.4164399e-01
-3.4066716e-01
-3.2724900e-01
-3.3056786e-01
-3.3162428e-01
-3.3920330e-01
-3.4896138e-01
-3.4563325e-01
-3.4395842e-01
-3.4302057e-01
-3.3922896e-01
-3.4537609e-01
-3.2246680e-01
-3.3317618e-01
-3.3000854e-01
-3.1772109e-01
3.8040029e-01
3.7179777e-01
3.7559023e-01
3.6999868e-01
3.6701738e-01
3.7087276e-01
3.7399322e-01
3.6416709e-01
3.7050274e-01
3.8370456e-01
3.8208229e-01
3.7286439e-01
3.8723879e-01
3.8644448e-01
3.7794107e-01
3.9011031e-01
3.7970473e-01
3.8077394e-01
3.9176889e-01
3.9399756e-01
3.8858777e-01
3.9842784e-01
3.9780026e-01
4.1059512e-01
4.0877960e-01
3.4721102e-01
3.5180574e-01
3.3924332e-01
3.4997682e-01
3.3655856e-01
3.2753869e-01
3.4208109e-01
3.5278868e-01
3.4021018e-01
3.3773758e-01
3.3153975e-01
3.3340757e-01
3.4123086e-01
3.3456722e-01
3.3052933e-01
3.3547347e-01
3.4112432e-01
3.3554348e-01
3.2383696e-01
3.2334179e-01
3.1731513e-01
3.3747564e-01
3.3933615e-01
3.3468330e-01
3.4069314e-01
-2.9420057e-01
-2.9641982e-01
-2.7525092e-01
-2.9058567e-01
-2.8384112e-01
-2.8902042e-01
-2.8948075e-01
-2.8358930e-01
-2.8606221e-01
-2.7628666e-01
-2.6910929e-01
-2.8560367e-01
-2.7890305e-01
-2.8199839e-01
-2.7950555e-01
-2.7026397e-01
-2.7226641e-01
-2.5977867e-01
-2.6268865e-01
-2.5213753e-01
-2.5921137e-01
-2.5581507e-01
-2.5360276e-01
-2.5475908e-01
-2.5908085e-01
3.6979504e-01
3.7616102e-01
3.8221861e-01
3.8380958e-01
3.7541320e-01
3.9213995e-01
3.9903694e-01
4.1438542e-01
3.7639782e-01
4.0046700e-01
3.9326651e-01
3.8329853e-01
3.8246615e-01
3.8017282e-01
3.8540385e-01
3.9237976e-01
3.7838532e-01
3.7301982e-01
3.7834884e-01
3.8737574e-01
3.9667558e-01
3.9197020e-01
3.9191761e-01
3.8616136e-01
3.9275445e-01
4.3456557e-01
4.2905003e-01
4.2904280e-01
4.2546636e-01
4.2625771e-01
4.3884520e-01
4.2542691e-01
4.3264990e-01
4.3768373e-01
4.1374262e-01
4.3050139e-01
4.1834471e-01
4.3411644e-01
4.2291916e-01
4.1812329e-01
4.2967864e-01
4.2693896e-01
4.2942556e-01
4.3433492e-01
4.2997717e-01
4.3652615e-01
4.3507330e-01
4.3602230e-01
4.3500156e-01
4.4198965e-01
4.7865025e-01
4.6616394e-01
4.5705918e-01
4.6769281e-01
4.7240118e-01
4.7718330e-01
4.6660965e-01
4.7803027e-01
4.7669994e-01
4.8742565e-01
4.8422859e-01
4.6573407e-01
4.7103815e-01
4.7575742e-01
4.8418537e-01
4.7300531e-01
4.8034917e-01
4.7181869e-01
4.8030683e-01
4.7377717e-01
4.7292327e-01
4.6773002e-01
4.6230063e-01
4.6528269e-01
4.7391553e-01
-2.0831057e-01
-2.1553434e-01
-2.1547876e-01
-2.1145128e-01
-2.0069471e-01
-1.9781450e-01
-2.0379557e-01
-2.1107042e-01
-2.0728509e-01
-2.0555380e-01
-2.1104565e-01
-2.0781932e-01
-2.0083802e-01
-2.0227850e-01
-2.0850570e-01
-2.0287049e-01
-2.0650684e-01
-2.1334206e-01
-2.1130837e-01
-2.1682863e-01
-2.1565940e-01
-2.1872170e-01
-2.1451042e-01
-2.1853888e-01
-2.2113730e-01
-2.2328418e-01
-2.0934111e-01
-2.2878027e-01
-2.1943089e-01
-2.2771701e-01
-2.2604488e-01
-2.1726677e-01
-2.0996074e-01
-2.1331739e-01
-2.0667401e-01
-1.8958728e-01
-2.0187251e-01
-1.9238838e-01
-1.9651808e-01
-1.8836890e-01
-1.9501487e-01
-1.9756250e-01
-1.9270653e-01
-1.8001319e-01
-1.7463021e-01
-1.7255478e-01
-1.7766319e-01
-1.7916716e-01
-1.8336446e-01
-1.8756995e-01
-1.8286177e-01
-1.8524112e-01
-1.9653224e-01
-2.0754999e-01
-2.0192758e-01
-1.9933588e-01
-2.0684231e-01
-2.0750643e-01
-2.0886316e-01
-2.1775121e-01
-2.2182274e-01
-2.1856384e-01
-2.1636775e-01
-2.1313661e-01
-2.1371544e-01
-2.2531066e-01
-2.2527919e-01
-2.2092682e-01
-2.2846542e-01
-2.2483342e-01
-2.1468739e-01
-2.1544400e-01
-2.2375369e-01
-2.1243779e-01
-2.1596829e-01
4.4785722e-01
4.5998929e-01
4.5054844e-01
4.6363511e-01
4.6928212e-01
4.5680802e-01
4.6336886e-01
4.5490045e-01
4.5796761e-01
4.5290686e-01
4.5040628e-01
4.5736165e-01
4.6608648e-01
4.7568160e-01
4.5316867e-01
4.6922365e-01
4.7712160e-01
4.6126518e-01
4.7761087e-01
4.5481272e-01
4.6083213e-01
4.5810995e-01
4.7804773e-01
4.6642378e-01
4.6477793e-01
4.3512571e-01
4.3651976e-01
4.4654621e-01
4.4697229e-01
4.4513039e-01
4.2791794e-01
4.5413595e-01
4.5091218e-01
4.3807704e-01
4.3874611e-01
4.2437650e-01
4.2835498e-01
4.3821652e-01
4.2219862e-01
4.1638623e-01
4.1749574e-01
4.2762350e-01
4.2539673e-01
4.1823174e-01
4.1706010e-01
4.1485931e-01
4.1407091e-01
4.1430959e-01
4.0952793e-01
3.9989597e-01
4.3666521e-01
4.3170108e-01
4.3897060e-01
4.3880042e-01
4.4145250e-01
4.4895399e-01
4.4655835e-01
4.4531444e-01
4.4972621e-01
4.2834054e-01
4.3839437e-01
4.3293835e-01
4.3581138e-01
4.0708368e-01
4.2554307e-01
4.3436112e-01
4.2910326e-01
4.3311855e-01
4.2352311e-01
4.3728204e-01
4.4497879e-01
4.5934673e-01
4.5373463e-01
4.5055616e-01
4.5659967e-01
4.7089965e-01
4.6560010e-01
4.7158613e-01
4.5803886e-01
4.7476528e-01
4.7303613e-01
4.7616247e-01
4.7485262e-01
4.8844329e-01
4.7874169e-01
4.7837500e-01
4.8906387e-01
4.9049716e-01
4.6999122e-01
4.7937441e-01
4.9128869e-01
4.8521237e-01
4.8117287e-01
4.7442147e-01
4.6739687e-01
4.8577592e-01
4.7479658e-01
4.6730326e-01
4.6167907e-01
4.6428174e-01
4.3010096e-01
4.2390249e-01
4.1988360e-01
4.2517695e-01
4.3284152e-01
4.2522423e-01
4.0667367e-01
4.1272652e-01
4.1393351e-01
4.1789758e-01
3.9615462e-01
4.1325549e-01
4.1110027e-01
4.1068714e-01
4.1916537e-01
4.1471879e-01
4.2589387e-01
4.2740902e-01
4.3709311e-01
4.2529944e-01
4.5459195e-01
4.3913669e-01
4.3686660e-01
4.3860980e-01
4.4261804e-01
4.4558449e-01
4.5590523e-01
4.5187509e-01
4.5617701e-01
4.5366484e-01
4.5547452e-01
4.7083291e-01
4.6118154e-01
4.6833281e-01
4.8463222e-01
4.7571379e-01
4.6867067e-01
4.7835967e-01
4.8031763e-01
4.8442495e-01
4.7604033e-01
4.8494683e-01
4.8243003e-01
4.8557728e-01
4.7730690e-01
4.7589019e-01
4.8068584e-01
4.8818379e-01
4.8143151e-01
4.7676995e-01
-1.5964083e-01
-1.5641519e-01
-1.7044584e-01
-1.5537964e-01
-1.6416167e-01
-1.5073964e-01
-1.7244135e-01
-1.8008997e-01
-1.8343744e-01
-1.6682912e-01
-1.7123076e-01
-1.7434187e-01
-1.7665377e-01
-1.8814925e-01
-1.7426425e-01
-1.8141108e-01
-1.8984478e-01
-1.8625757e-01
-1.7466837e-01
-1.7534652e-01
-1.7707637e-01
-1.7330573e-01
-1.7685385e-01
-1.6834872e-01
-1.7164647e-01
5.2439468e-01
5.4413670e-01
5.2489149e-01
5.4482660e-01
5.4448277e-01
5.4149186e-01
5.5153009e-01
5.3428917e-01
5.3230733e-01
5.3953316e-01
5.2091548e-01
5.4362040e-01
5.2357641e-01
5.4401002e-01
5.2287506e-01
5.2313152e-01
5.3844959e-01
5.2873155e-01
5.2824609e-01
5.3347965e-01
5.2516038e-01
5.4323471e-01
5.4319096e-01
5.3573952e-01
5.3371103e-01
-1.5232944e-01
-1.5313781e-01
-1.5227070e-01
-1.5412668e-01
-1.5489019e-01
-1.6485630e-01
-1.6774998e-01
-1.6068003e-01
-1.6582693e-01
-1.7846991e-01
-1.8003687e-01
-1.8121454e-01
-1.8193450e-01
-1.8351876e-01
-1.9111441e-01
-1.9601213e-01
-2.0125057e-01
-1.9244908e-01
-1.9151937e-01
-1.9880676e-01
-1.9944064e-01
-1.8294976e-01
-1.9434622e-01
-1.9038018e-01
-1.9303526e-01
-1.8847718e-01
-1.8891630e-01
-1.7649982e-01
-1.8109856e-01
-1.8573582e-01
-1.8239166e-01
-1.9175608e-01
-1.7930833e-01
-1.7466348e-01
-1.8466995e-01
-1.8056244e-01
-1.7668213e-01
-1.7329445e-01
-1.8033299e-01
-1.7884827e-01
-1.8007552e-01
-1.7330354e-01
-1.7344153e-01
-1.7863442e-01
-1.7217395e-01
-1.6956824e-01
-1.7526957e-01
-1.5977819e-01
-1.5982656e-01
-1.6218533e-01
5.0690417e-01
4.9596891e-01
4.9513031e-01
5.0245055e-01
4.9246214e-01
4.9840979e-01
5.0479576e-01
5.0801771e-01
5.0620019e-01
5.0335509e-01
5.0813349e-01
5.0748574e-01
5.0442180e-01
5.0063766e-01
4.8945232e-01
5.0685997e-01
5.1023039e-01
5.0156231e-01
5.0346053e-01
4.8715978e-01
4.8699312e-01
4.9197109e-01
4.9444914e-01
5.0878236e-01
4.9731862e-01
5.0570755e-01
5.0609525e-01
5.1987824e-01
5.0193830e-01
5.1894917e-01
5.1549076e-01
5.2590041e-01
5.0656585e-01
5.0492244e-01
5.0860585e-01
5.1599136e-01
5.1288914e-01
5.1281496e-01
5.1231023e-01
5.0704904e-01
5.1167822e-01
5.2132108e-01
5.1132344e-01
5.1945638e-01
5.0086179e-01
5.2443736e-01
5.1619222e-01
5.0353275e-01
5.1989156e-01
5.1947847e-01
4.8915818e-01
4.8653150e-01
4.8376120e-01
4.8279548e-01
4.9478467e-01
4.8744867e-01
4.9744306e-01
4.9435243e-01
4.9840257e-01
4.9349515e-01
4.9489861e-01
4.9999651e-01
4.9852137e-01
4.9246645e-01
5.1254631e-01
5.1619697e-01
5.0830621e-01
5.0221239e-01
5.0801058e-01
5.0598737e-01
5.1560884e-01
5.1245020e-01
5.0102958e-01
5.1241180e-01
5.1285777e-01
4.7439569e-01
4.9368555e-01
4.8540293e-01
4.8169827e-01
4.7729338e-01
4.7820190e-01
4.8391119e-01
4.8360426e-01
4.8167840e-01
4.8369537e-01
4.9090656e-01
4.7850287e-01
4.6456818e-01
4.9350570e-01
4.8679890e-01
4.8801089e-01
4.8512795e-01
4.8027288e-01
4.8117556e-01
4.9654102e-01
4.9043387e-01
4.9317693e-01
4.8559913e-01
4.9042760e-01
4.9954547e-01
-1.3517368e-01
-1.3311053e-01
-1.3103458e-01
-1.3187521e-01
-1.2147621e-01
-1.3535362e-01
-1.3487392e-01
-1.2777080e-01
-1.3124990e-01
-1.2875905e-01
-1.1644563e-01
-1.2392860e-01
-1.1733651e-01
-1.2071610e-01
-1.1049029e-01
-1.0794739e-01
-1.0695662e-01
-1.0211006e-01
-1.0590861e-01
-9.5707248e-02
-9.8137702e-02
-9.1538418e-02
-8.6462503e-02
-8.3448371e-02
-9.1601110e-02
5.4125522e-01
5.2618212e-01
5.2990605e-01
5.3447860e-01
5.2717798e-01
5.1593511e-01
5.2818330e-01
5.3213292e-01
5.3577228e-01
5.0823350e-01
5.2033087e-01
5.1848360e-01
5.1566397e-01
5.2191281e-01
5.1945558e-01
5.0409814e-01
5.0715766e-01
5.0934612e-01
5.2264994e-01
5.0242586e-01
5.0598306e-01
5.0064452e-01
5.1739387e-01
5.0227694e-01
5.0873999e-01
5.7051716e-01
5.5045998e-01
5.6477933e-01
5.6786317e-01
5.7022508e-01
5.6272231e-01
5.6199482e-01
5.7325661e-01
5.8066365e-01
5.6082244e-01
5.8166944e-01
5.6820743e-01
5.7669060e-01
5.7169946e-01
5.6686991e-01
5.6553730e-01
5.7486895e-01
5.8505233e-01
5.7234350e-01
5.9306932e-01
5.7552943e-01
5.8196542e-01
5.8889333e-01
5.7500947e-01
5.8442847e-01
5.2644814e-01
5.3464924e-01
5.4218431e-01
5.3103808e-01
5.4378932e-01
5.4283079e-01
5.4237417e-01
5.4568830e-01
5.5069168e-01
5.4371030e-01
5.3438832e-01
5.3725566e-01
5.5482284e-01
5.4954778e-01
5.3232454e-01
5.3860289e-01
5.3594230e-01
5.3062633e-01
5.2581228e-01
5.2632986e-01
5.3118627e-01
5.3495772e-01
5.2440043e-01
5.1830209e-01
5.2302720e-01
5.2804712e-01
5.2074690e-01
5.1380203e-01
5.2229632e-01
5.2134210e-01
5.2197211e-01
5.1779560e-01
5.3874267e-01
5.2051355e-01
5.0767041e-01
5.3015260e-01
5.2195721e-01
5.3599198e-01
5.2910314e-01
5.3690482e-01
5.1250312e-01
5.1452091e-01
5.2956941e-01
5.1699112e-01
5.2571562e-01
5.2471597e-01
5.2213006e-01
5.3636021e-01
5.3706947e-01
5.3165526e-01
5.1714858e-01
5.2174153e-01
5.3553879e-01
5.3947693e-01
5.3721657e-01
5.3061494e-01
5.3570077e-01
5.3468086e-01
5.3359063e-01
5.3099176e-01
5.3660308e-01
5.4825643e-01
5.3286423e-01
5.2962041e-01
5.2589925e-01
5.3020984e-01
5.3929696e-01
5.3704980e-01
5.2708327e-01
5.2399466e-01
5.3720314e-01
5.2913989e-01
5.3701913e-01
5.3321376e-01
5.3000140e-01
5.5809373e-01
5.5761926e-01
5.6946781e-01
5.8072557e-01
5.6282504e-01
5.6696071e-01
5.7379933e-01
5.6386064e-01
5.7273431e-01
5.5337341e-01
5.7159691e-01
5.5906296e-01
5.5691656e-01
5.6246670e-01
5.6622304e-01
5.6365495e-01
5.6735684e-01
5.6212679e-01
5.7376900e-01
5.6320370e-01
5.5448802e-01
5.6191575e-01
5.7121511e-01
5.5834999e-01
5.4544014e-01
5.3850829e-01
5.3424284e-01
5.3775162e-01
5.4456314e-01
5.4541128e-01
5.4594215e-01
5.3962202e-01
5.2948019e-01
5.3742697e-01
5.4145289e-01
5.3523214e-01
5.3981442e-01
5.4408758e-01
5.3547443e-01
5.3309316e-01
5.3913347e-01
5.4820528e-01
5.4983064e-01
5.4322521e-01
5.5054406e-01
5.4406653e-01
5.4762978e-01
5.4864987e-01
5.5435415e-01
5.5579001e-01
-8.9985699e-02
-9.6953701e-02
-9.1941759e-02
-1.0037481e-01
-1.0028493e-01
-1.0420393e-01
-1.1076761e-01
-1.1353447e-01
-1.0856879e-01
-1.0964612e-01
-1.2077689e-01
-1.2107352e-01
-1.2443869e-01
-1.0848809e-01
-1.0776755e-01
-1.2026570e-01
-1.1703458e-01
-1.2138723e-01
-1.2236682e-01
-1.1690840e-01
-1.2397370e-01
-1.2448818e-01
-1.3031678e-01
-1.2095002e-01
-1.2082610e-01
-1.2661220e-01
-1.2512581e-01
-1.3258781e-01
-1.3141880e-01
-1.2767344e-01
-1.2941729e-01
-1.3632138e-01
-1.3730264e-01
-1.2957665e-01
-1.3472072e-01
-1.3402379e-01
-1.3249726e-01
-1.3727043e-01
-1.3131067e-01
-1.3737112e-01
-1.3513362e-01
-1.3394711e-01
-1.3010233e-01
-1.3216689e-01
-1.2716895e-01
-1.2125796e-01
-1.2296980e-01
-1.1990699e-01
-1.1851124e-01
-1.1959955e-01
5.0850081e-01
5.1221852e-01
5.1211004e-01
5.1022159e-01
5.2556774e-01
5.2051543e-01
5.0244368e-01
4.9680469e-01
5.1320258e-01
4.9211405e-01
5.0576698e-01
4.8717918e-01
4.9930032e-01
5.0982411e-01
4.9686475e-01
4.8618121e-01
4.8247182e-01
4.7618611e-01
4.7327897e-01
4.8036700e-01
4.7310870e-01
4.7196809e-01
4.7331880e-01
4.8483282e-01
4.7890221e-01
-1.5491875e-01
-1.5676539e-01
-1.6075173e-01
-1.5463618e-01
-1.5650341e-01
-1.5066819e-01
-1.5870336e-01
-1.6205443e-01
-1.5718373e-01
-1.6743368e-01
-1.7181406e-01
-1.6572983e-01
-1.7541658e-01
-1.7369681e-01
-1.8058014e-01
-1.7416149e-01
-1.7671435e-01
-1.8151909e-01
-1.8144065e-01
-1.8066843e-01
-1.9536517e-01
-1.8101275e-01
-1.7729669e-01
-1.8138006e-01
-1.8595806e-01
-1.8672773e-01
-1.7983054e-01
-1.7716704e-01
-1.7742229e-01
-1.6857047e-01
-1.6881781e-01
-1.7488621e-01
-1.7130161e-01
-1.6826488e-01
-1.5499858e-01
-1.7192707e-01
-1.7074514e-01
-1.6494680e-01
-1.6371415e-01
-1.7576273e-01
-1.7811604e-01
-1.6152536e-01
-1.6858993e-01
-1.8052275e-01
-1.9483495e-01
-1.9940659e-01
-1.9132637e-01
-2.0241996e-01
-2.0683651e-01
-2.1236420e-01
4.6224815e-01
4.6527914e-01
4.6706195e-01
4.6772850e-01
4.4750800e-01
4.4720166e-01
4.4393506e-01
4.4909471e-01
4.5338985e-01
4.5627459e-01
4.4989704e-01
4.4909886e-01
4.5289971e-01
4.4531231e-01
4.4280022e-01
4.5108118e-01
4.5982473e-01
4.5077026e-01
4.5723135e-01
4.4369427e-01
4.5666520e-01
4.4693001e-01
4.5818038e-01
4.5364007e-01
4.3607301e-01
-2.3765328e-01
-2.5044775e-01
-2.4400943e-01
-2.3361263e-01
-2.4547480e-01
-2.4706741e-01
-2.4356975e-01
-2.4685749e-01
-2.4295233e-01
-2.4507215e-01
-2.3954914e-01
-2.2645568e-01
-2.3829673e-01
-2.3499831e-01
-2.3656634e-01
-2.2848916e-01
-2.2400139e-01
-2.1177475e-01
-2.1621538e-01
-2.2188007e-01
-2.2430412e-01
-2.1839246e-01
-2.3491004e-01
-2.2399255e-01
-2.2789867e-01
-2.3223032e-01
-2.2745240e-01
-2.3430167e-01
-2.4717421e-01
-2.2767685e-01
-2.3872303e-01
-2.3001715e-01
-2.3445493e-01
-2.5167268e-01
-2.3717583e-01
-2.3910019e-01
-2.4442720e-01
-2.4001938e-01
-2.4351557e-01
-2.4943913e-01
-2.5602363e-01
-2.4522985e-01
-2.5950716e-01
-2.5146348e-01
-2.5091073e-01
-2.4947518e-01
-2.5949562e-01
-2.5188442e-01
-2.6110865e-01
-2.5605741e-01
4.2580900e-01
4.1753535e-01
4.1460392e-01
4.1431181e-01
4.0359716e-01
4.1834507e-01
4.1755426e-01
4.0352732e-01
4.1281767e-01
4.0932382e-01
4.0996486e-01
4.1412004e-01
4.1529029e-01
4.2452147e-01
4.2439915e-01
4.2395475e-01
4.2146580e-01
4.1623512e-01
4.2905355e-01
4.2665353e-01
4.2399529e-01
4.2516276e-01
4.1548498e-01
4.0454320e-01
4.2215094e-01
-2.3822809e-01
-2.3936265e-01
-2.4734612e-01
-2.4324296e-01
-2.5270499e-01
-2.5597959e-01
-2.4957160e-01
-2.5187891e-01
-2.5754904e-01
-2.6005272e-01
-2.7038576e-01
-2.6010611e-01
-2.6809262e-01
-2.6717368e-01
-2.6659236e-01
-2.8261537e-01
-2.7981902e-01
-2.8669123e-01
-2.8014535e-01
-2.7429456e-01
-2.8706884e-01
-2.9018130e-01
-2.7992253e-01
-2.9255794e-01
-2.9431754e-01
-2.9877477e-01
-2.9635005e-01
-3.0188055e-01
-3.0766622e-01
-3.0105741e-01
-2.9987505e-01
-3.0826247e-01
-3.1103062e-01
-3.0333242e-01
-3.0711270e-01
-3.1768751e-01
-3.1362102e-01
-3.1425134e-01
-3.2539004e-01
-3.0645270e-01
-3.2508839e-01
-3.1824372e-01
-3.2332827e-01
-3.1751198e-01
-3.3364644e-01
-3.2548153e-01
-3.1103214e-01
-3.1330299e-01
-3.2242200e-01
-3.2548625e-01
-3.2503932e-01
-3.1396852e-01
-3.1939040e-01
-3.1799117e-01
-3.1990265e-01
-3.2638600e-01
-3.2447940e-01
-3.1337728e-01
-3.1979154e-01
-3.2758933e-01
-3.1827275e-01
-3.2822448e-01
-3.3486022e-01
-3.3096682e-01
-3.3757352e-01
-3.3444571e-01
-3.4174873e-01
-3.4679660e-01
-3.4462480e-01
-3.5420641e-01
-3.5399554e-01
-3.3180332e-01
-3.5517116e-01
-3.5737747e-01
-3.5893243e-01
3.3601197e-01
3.3743808e-01
3.4105470e-01
3.3877418e-01
3.2831618e-01
3.3587289e-01
3.3360356e-01
3.2554345e-01
3.3609734e-01
3.5366549e-01
3.3043632e-01
3.3405972e-01
3.4155800e-01
3.4890795e-01
3.5327132e-01
3.3480386e-01
3.5389297e-01
3.5073590e-01
3.5388398e-01
3.4750621e-01
3.5228324e-01
3.4246096e-01
3.4094265e-01
3.4364372e-01
3.5284923e-01
3.8377365e-01
3.7548409e-01
3.7489012e-01
3.7006035e-01
3.6609744e-01
3.7209992e-01
3.9781030e-01
3.8133081e-01
3.8109902e-01
3.8922021e-01
3.7754244e-01
3.9037691e-01
3.9304015e-01
3.9254260e-01
3.7314856e-01
4.0365939e-01
3.8784289e-01
3.9023149e-01
3.8622429e-01
3.8364115e-01
3.9097363e-01
3.8656073e-01
3.8435714e-01
3.8768599e-01
3.7786880e-01
-3.3025584e-01
-3.3672567e-01
-3.4372381e-01
-3.3905894e-01
-3.2794542e-01
-3.3983147e-01
-3.4374770e-01
-3.4821017e-01
-3.3717490e-01
-3.4450199e-01
-3.3814332e-01
-3.4804436e-01
-3.5006356e-01
-3.3965294e-01
-3.3708690e-01
-3.4006824e-01
-3.3961390e-01
-3.4085422e-01
-3.3653488e-01
-3.4317235e-01
-3.3929206e-01
-3.4310711e-01
-3.3001494e-01
-3.3626916e-01
-3.3048851e-01
3.8485136e-01
3.9301048e-01
3.8144150e-01
3.8303597e-01
3.8178754e-01
3.7776391e-01
3.8550810e-01
3.9454908e-01
3.9346898e-01
3.8980141e-01
3.9249959e-01
3.8367768e-01
4.0038997e-01
4.0054665e-01
4.0280361e-01
4.0666785e-01
4.0370952e-01
3.9435581e-01
4.1350858e-01
4.0362184e-01
4.1609172e-01
4.1665459e-01
4.1106135e-01
4.1739369e-01
4.1968991e-01
3.6500733e-01
3.6242954e-01
3.5603671e-01
3.6272069e-01
3.4077642e-01
3.6142767e-01
3.4590098e-01
3.4279255e-01
3.5944931e-01
3.4469206e-01
3.5924543e-01
3.4470258e-01
3.5009746e-01
3.4508774e-01
3.6328227e-01
3.4913631e-01
3.4243134e-01
3.4468179e-01
3.4307910e-01
3.4831984e-01
3.3299537e-01
3.4279286e-01
3.5211527e-01
3.4645960e-01
3.5546598e-01
-2.9927770e-01
-2.9782604e-01
-2.8533839e-01
-2.8500160e-01
-2.8080447e-01
-2.7698719e-01
-2.7247797e-01
-2.6852512e-01
-2.7262816e-01
-2.7580302e-01
-2.8066494e-01
-2.7932690e-01
-2.7505605e-01
-2.8136798e-01
-2.8412152e-01
-2.7873497e-01
-2.7363440e-01
-2.6749564e-01
-2.7381225e-01
-2.6630902e-01
-2.6819112e-01
-2.5850982e-01
-2.6141992e-01
-2.6171249e-01
-2.5776566e-01
4.0978151e-01
4.0871039e-01
3.9862908e-01
4.1464683e-01
4.1354479e-01
4.1107042e-01
4.2326104e-01
4.2711391e-01
4.1918301e-01
4.3932379e-01
4.3687623e-01
4.2974130e-01
4.2687497e-01
4.1898968e-01
4.2227416e-01
4.2028612e-01
4.1825871e-01
4.1366213e-01
4.0737607e-01
4.0995134e-01
4.2208330e-01
4.2466990e-01
4.2718704e-01
4.3705349e-01
4.2143034e-01
-2.3399924e-01
-2.4430413e-01
-2.3300731e-01
-2.3235823e-01
-2.3095271e-01
-2.2616619e-01
-2.3229287e-01
-2.4154568e-01
-2.3452924e-01
-2.2330481e-01
-2.3099957e-01
-2.3485014e-01
-2.3058571e-01
-2.2221589e-01
-2.2714205e-01
-2.2787269e-01
-2.2746608e-01
-2.2055539e-01
-2.2871741e-01
-2.2548937e-01
-2.2841235e-01
-2.2575615e-01
-2.2737472e-01
-2.2031755e-01
-2.1075589e-01
-2.1316801e-01
-2.1076401e-01
-2.1022992e-01
-2.0156516e-01
-1.9464835e-01
-1.9616685e-01
-1.9987884e-01
-1.9160920e-01
-1.8033154e-01
-1.8385330e-01
-1.9296610e-01
-1.8768807e-01
-1.7199154e-01
-1.7862473e-01
-1.7875022e-01
-1.7668232e-01
-1.8353203e-01
-1.7243065e-01
-1.7204235e-01
-1.8479558e-01
-1.7752060e-01
-1.7421394e-01
-1.8611767e-01
-1.8079984e-01
-1.8843350e-01
4.6240774e-01
4.3407159e-01
4.5242131e-01
4.5520341e-01
4.5245042e-01
4.6573943e-01
4.4684552e-01
4.4336248e-01
4.5380749e-01
4.5681989e-01
4.3296303e-01
4.2351116e-01
4.3744398e-01
4.5646539e-01
4.4316939e-01
4.2364023e-01
4.3683873e-01
4.4050111e-01
4.5098624e-01
4.3690714e-01
4.3798874e-01
4.3472400e-01
4.5446771e-01
4.3649872e-01
4.4195232e-01
-1.9845806e-01
-1.9395392e-01
-1.9626414e-01
-2.0055098e-01
-2.0266025e-01
-1.9564122e-01
-1.9881656e-01
-2.0241035e-01
-2.0148870e-01
-2.0228509e-01
-1.9149925e-01
-1.8596993e-01
-1.9733913e-01
-1.8546467e-01
-1.8565312e-01
-1.7874670e-01
-1.8360276e-01
-1.8322502e-01
-1.9169277e-01
-1.8959813e-01
-1.7475130e-01
-1.7800459e-01
-1.8358837e-01
-1.8410819e-01
-1.7880322e-01
4.3824733e-01
4.3892295e-01
4.1424981e-01
4.1811820e-01
4.1647836e-01
4.1323430e-01
4.1522551e-01
4.1015335e-01
4.1280633e-01
3.9959399e-01
4.0271331e-01
3.9734823e-01
3.9744711e-01
3.8737241e-01
4.0061369e-01
3.8066277e-01
3.8442042e-01
3.9671730e-01
3.9396221e-01
3.8652298e-01
3.8906351e-01
3.9030863e-01
4.0659925e-01
3.9662723e-01
3.8488504e-01
4.2520193e-01
4.3117030e-01
4.2762066e-01
4.3672548e-01
4.3038763e-01
4.4565438e-01
4.3286850e-01
4.3484431e-01
4.4312918e-01
4.4461866e-01
4.5070693e-01
4.4072299e-01
4.3611046e-01
4.4132034e-01
4.4513424e-01
4.3497711e-01
4.3318241e-01
4.3724264e-01
4.3662033e-01
4.3535215e-01
4.4152028e-01
4.4281289e-01
4.4015159e-01
4.4432623e-01
4.4605766e-01
4.3755849e-01
4.2331259e-01
4.2326198e-01
4.2480732e-01
4.2961094e-01
4.4749080e-01
4.3964122e-01
4.3026261e-01
4.2839669e-01
4.4051848e-01
4.1698648e-01
4.4142158e-01
4.2879850e-01
4.2801168e-01
4.4302130e-01
4.3725072e-01
4.2050962e-01
4.1459093e-01
4.2850945e-01
4.2440145e-01
4.3123459e-01
4.2803634e-01
