-2.5612506e-05
1.0434951e-04
1.5905052e-04
1.0576863e-04
-3.1468318e-06
-8.8509330e-05
-1.3089569e-04
-1.9051726e-04
-3.0256623e-04
-3.7924490e-04
-4.3254168e-04
-4.8811675e-04
-4.7326391e-04
-4.9840257e-04
-6.9107857e-04
-8.4688523e-04
-7.3446827e-04
-7.7076989e-04
-1.1437278e-03
-1.2982907e-03
-1.0371589e-03
-3.1705415e-04
8.3636644e-04
2.0317416e-03
3.2066101e-03
4.3495970e-03
4.8529874e-03
4.1405785e-03
2.5395284e-03
9.0177245e-04
-8.4090214e-05
-3.7502096e-04
-8.3693424e-04
-2.0297649e-03
-3.5395301e-03
-4.4622111e-03
-4.3209343e-03
-3.1747687e-03
-5.3225940e-04
3.8056415e-03
8.5247781e-03
1.2073261e-02
1.4190910e-02
1.5413271e-02
1.5911112e-02
1.4201018e-02
7.7190822e-03
-4.6389541e-03
-2.0817707e-02
-3.5499813e-02
-4.4059099e-02
-4.5207452e-02
-3.9317047e-02
-2.7798761e-02
-1.2616965e-02
3.8608428e-03
1.8982415e-02
3.0710409e-02
3.8192383e-02
4.1395501e-02
3.9329354e-02
3.0901942e-02
1.8124222e-02
5.1922319e-03
-5.2366648e-03
-1.2974331e-02
-1.9009291e-02
-2.3677112e-02
-2.6280588e-02
-2.5524691e-02
-2.0522002e-02
-1.2134670e-02
-2.2011065e-03
7.9966111e-03
1.8222703e-02
2.7622204e-02
3.3854778e-02
3.5850866e-02
3.4785967e-02
3.1391454e-02
2.4859879e-02
1.3988319e-02
-2.2329558e-03
-2.2516924e-02
-4.1415747e-02
-5.3663032e-02
-5.7820094e-02
-5.4326197e-02
-4.4311521e-02
-3.0367883e-02
-1.5768875e-02
-3.6677318e-03
4.7720922e-03
1.1655637e-02
1.8745808e-02
2.4854967e-02
2.8606600e-02
3.0615380e-02
3.0749352e-02
2.7913317e-02
2.2933801e-02
1.7805791e-02
1.2832405e-02
7.7828364e-03
2.8822636e-03
-2.0601317e-03
-5.7695435e-03
-6.7064601e-03
-5.8074570e-03
-5.0731158e-03
-5.4975173e-03
-7.1792719e-03
-9.1379093e-03
-9.6665175e-03
-8.7917639e-03
-7.2491788e-03
-4.7216513e-03
-1.4759465e-03
1.7418096e-04
-1.4896880e-03
-4.4287558e-03
-6.3531247e-03
-6.9244761e-03
-6.0916980e-03
-3.3027994e-03
5.2582918e-04
3.3605817e-03
5.5005312e-03
7.2259623e-03
7.8091765e-03
7.5434134e-03
6.1562342e-03
3.3184136e-03
4.9836818e-04
-1.3176970e-03
-2.6720975e-03
-3.4997101e-03
-3.0387607e-03
-1.7754113e-03
-1.4219314e-03
-2.7707014e-03
-4.0804618e-03
-4.3149821e-03
-4.9295867e-03
-5.8838675e-03
-6.1051432e-03
-5.6272770e-03
-4.2645436e-03
-2.4086137e-03
1.2159695e-05
3.9787646e-03
8.1535379e-03
1.0752727e-02
1.1905594e-02
1.2274128e-02
1.1654623e-02
9.5283463e-03
6.6392329e-03
3.8568938e-03
9.8613650e-04
-1.7316420e-03
-3.7281405e-03
-5.4086720e-03
-7.3933356e-03
-8.7024601e-03
-7.7806638e-03
-5.5248112e-03
-4.2404881e-03
-3.7998372e-03
-2.3833319e-03
-7.5379437e-05
1.7602266e-03
2.5252551e-03
2.5839180e-03
2.1856787e-03
1.3829107e-03
5.6003021e-04
-6.8487400e-05
-3.9264151e-04
-1.9368161e-04
6.3025989e-04
1.5690112e-03
2.1305514e-03
2.2800299e-03
2.1950810e-03
2.2288714e-03
2.7201517e-03
3.7255185e-03
4.4430532e-03
3.7268015e-03
2.0140329e-03
1.0308920e-03
7.3147036e-04
-2.2459778e-04
-1.6284130e-03
-2.9746504e-03
-4.7457131e-03
-6.4396882e-03
-7.4661991e-03
-7.2307894e-03
-5.3888153e-03
-4.0578677e-03
-4.0224265e-03
-4.4644262e-03
-5.9486896e-03
-8.1712105e-03
-9.2700177e-03
-8.5792042e-03
-7.0798756e-03
-5.0331745e-03
-2.1897230e-03
1.1079470e-03
4.7600941e-03
8.8264876e-03
1.2692960e-02
1.6569191e-02
2.0218100e-02
2.0973670e-02
1.7886095e-02
1.2637016e-02
6.7652599e-03
1.5626258e-03
-1.8583853e-03
-4.0021417e-03
-7.1002404e-03
-1.0230065e-02
-1.0271429e-02
-8.7359943e-03
-7.9997735e-03
-7.1223508e-03
-4.9517248e-03
-1.8815265e-03
7.4102402e-04
2.0198763e-03
2.1373037e-03
1.9585405e-03
1.9443389e-03
1.5776489e-03
1.0760851e-03
1.5190347e-03
2.8484385e-03
4.3152797e-03
4.7716800e-03
3.7151488e-03
2.8058940e-03
3.7989102e-03
5.9777881e-03
6.8687210e-03
5.1235441e-03
1.0407147e-03
-4.1274235e-03
-7.9421021e-03
-8.9079040e-03
-8.7479114e-03
-9.9186683e-03
-1.1960820e-02
-1.3298347e-02
-1.4721441e-02
-1.6676427e-02
-1.7013390e-02
-1.4395761e-02
-9.3124665e-03
-3.0766854e-03
2.2134324e-03
4.9678022e-03
5.5037925e-03
5.9026526e-03
8.1147613e-03
1.1262616e-02
1.3166056e-02
1.4058492e-02
1.5241002e-02
1.7190521e-02
1.8949143e-02
1.8515342e-02
1.5822273e-02
1.2321851e-02
7.7612732e-03
1.5000111e-03
-5.0128423e-03
-9.2463999e-03
-1.0264820e-02
-9.6400669e-03
-8.6825341e-03
-7.3413535e-03
-6.1372680e-03
-6.2603774e-03
-7.1085677e-03
-6.4613756e-03
-3.1072567e-03
1.7113139e-03
4.5710734e-03
3.5082708e-03
3.5493386e-04
-2.1593028e-03
-2.5372026e-03
-1.2720515e-03
-8.6569703e-04
-1.9300878e-03
-2.9105332e-03
-3.5054416e-03
-4.2980601e-03
-4.9763368e-03
-3.7179070e-03
-2.0944241e-04
2.8879408e-03
3.7120777e-03
2.8344214e-03
1.8975362e-03
1.3344632e-03
2.9568112e-04
-1.2313160e-03
-2.5506628e-03
-3.6504522e-03
-4.8216968e-03
-5.4719786e-03
-4.8652187e-03
-3.0592994e-03
-1.4322835e-03
-3.5549393e-04
1.1988663e-03
2.6387489e-03
3.4070307e-03
4.3829562e-03
5.7301525e-03
6.8657619e-03
7.5743864e-03
7.1671234e-03
6.0232029e-03
5.5293053e-03
5.7635629e-03
5.4647399e-03
3.6711471e-03
1.8513160e-03
1.5661462e-03
9.6272839e-04
-1.4273272e-03
-3.9899912e-03
-5.4081872e-03
-5.7502392e-03
-6.1154749e-03
-6.7997620e-03
-6.4008198e-03
-5.0435851e-03
-3.8529627e-03
-2.7515078e-03
-1.7717272e-03
-1.0696514e-03
-6.2165279e-04
-4.7285355e-04
-2.2954033e-04
6.3487670e-04
1.8431570e-03
2.5384165e-03
1.9607529e-03
5.0966601e-04
1.2167812e-04
1.2328406e-03
2.6386684e-03
4.4310368e-03
6.1059774e-03
5.7933135e-03
4.0503158e-03
2.6611915e-03
1.7061370e-03
1.4434459e-03
2.5401093e-03
3.6178430e-03
2.9688955e-03
4.3390298e-04
-3.9144896e-03
-8.9212609e-03
-1.2690052e-02
-1.3610806e-02
-1.0919472e-02
-7.4765651e-03
-5.7361732e-03
-4.5166217e-03
-3.9772792e-03
-4.5098096e-03
-4.8987756e-03
-4.2107463e-03
-1.9825029e-03
1.5130244e-03
5.4773220e-03
8.7280087e-03
1.1073504e-02
1.3640849e-02
1.6380654e-02
1.7477169e-02
1.5668263e-02
1.1747587e-02
7.1320773e-03
1.4645877e-03
-5.8683806e-03
-1.2180229e-02
-1.5077343e-02
-1.5877463e-02
-1.5176625e-02
-1.0562077e-02
-2.8129521e-03
2.9074283e-03
5.4921420e-03
7.2364514e-03
7.8885042e-03
6.6560214e-03
5.1049573e-03
4.7757367e-03
4.8378058e-03
3.6208776e-03
1.0727671e-03
-1.4198553e-03
-2.9373845e-03
-4.2089594e-03
-5.9953796e-03
-6.6830097e-03
-4.8706370e-03
-2.0226477e-03
-2.7989824e-04
-3.8400078e-04
-1.2107763e-03
-1.3230018e-03
-8.9735545e-04
-6.0455791e-04
-6.0912165e-04
-3.9963474e-04
3.9677773e-04
1.1294676e-03
1.2154142e-03
4.3928986e-04
-9.4531992e-04
-2.1197782e-03
-2.7629529e-03
-2.9705551e-03
-3.0122639e-03
-3.3092027e-03
-3.1673037e-03
-1.9604552e-03
-9.9316442e-04
-1.2142610e-03
-1.4847534e-03
-7.1771312e-04
1.0673240e-03
3.4679163e-03
5.2450014e-03
5.5744746e-03
5.5022403e-03
5.5580981e-03
5.0097371e-03
3.6925096e-03
2.2487778e-03
1.6511302e-03
1.6750147e-03
1.5314988e-03
1.6422985e-03
2.4633431e-03
3.1328204e-03
2.7419829e-03
1.8170551e-03
1.1318890e-03
1.1382545e-03
1.8190002e-03
2.4052563e-03
1.7609930e-03
-3.7195081e-04
-2.5342549e-03
-3.3866959e-03
-3.9270010e-03
-5.9630175e-03
-8.6314051e-03
-1.0197068e-02
-1.1246090e-02
-1.2107096e-02
-1.1146222e-02
-6.2978837e-03
2.2548429e-03
1.0196714e-02
1.4337461e-02
1.4324406e-02
1.0564495e-02
5.8515624e-03
2.4038171e-03
-2.0098392e-04
-2.4875496e-03
-4.6273581e-03
-6.4144019e-03
-7.4782114e-03
-8.3116028e-03
-9.3065335e-03
-9.8762519e-03
-9.8001144e-03
-9.6046348e-03
-8.9481119e-03
-6.6525756e-03
-2.1610439e-03
3.8128220e-03
9.6644797e-03
1.3729799e-02
1.6195896e-02
1.6210199e-02
1.2394217e-02
8.3727164e-03
6.7783851e-03
6.6194442e-03
7.0371586e-03
7.2595412e-03
6.7866409e-03
4.7901036e-03
1.7389377e-03
-6.6656458e-04
-2.4055111e-03
-3.7336145e-03
-4.3565418e-03
-4.2161859e-03
-3.5121724e-03
-3.0457614e-03
-4.1637109e-03
-7.1142146e-03
-9.4589651e-03
-9.6808460e-03
-9.7005054e-03
-1.1310003e-02
-1.3918194e-02
-1.4688923e-02
-9.7322746e-03
3.7231311e-05
8.8762854e-03
1.3636057e-02
1.4268400e-02
1.2411134e-02
1.0439454e-02
8.5592692e-03
5.9435282e-03
3.5726033e-03
2.2769123e-03
1.2741547e-03
7.0660353e-04
1.3565600e-03
2.8651714e-03
3.4316303e-03
1.9148734e-03
-7.0958101e-04
-3.4822688e-03
-6.0909143e-03
-8.6712521e-03
-1.1691110e-02
-1.4631578e-02
-1.6340642e-02
-1.6312690e-02
-1.3829190e-02
-9.1657566e-03
-4.6434908e-03
-1.2089495e-03
1.7168042e-03
4.5923687e-03
8.0202723e-03
1.1351583e-02
1.2577573e-02
1.2370860e-02
1.3481106e-02
1.5545064e-02
1.6301136e-02
1.5098691e-02
1.2608655e-02
9.6344235e-03
6.1978031e-03
1.1283996e-03
-5.1568095e-03
-9.4823453e-03
-1.0956202e-02
-1.2546704e-02
-1.5853290e-02
-1.8675217e-02
-1.8530979e-02
-1.3966812e-02
-5.7832376e-03
2.6081440e-03
8.7065804e-03
1.1206233e-02
9.8881202e-03
6.3320330e-03
3.3911978e-03
2.5330019e-03
3.1933486e-03
4.0796555e-03
4.1948444e-03
4.3897588e-03
4.9059484e-03
4.6653598e-03
3.8697058e-03
2.7237299e-03
1.2630282e-03
-2.1090134e-05
-1.8197929e-03
-3.9157274e-03
-3.4736420e-03
3.9965872e-04
4.7641706e-03
6.4087382e-03
3.2379140e-03
-3.2103460e-03
-9.2858609e-03
-1.4070549e-02
-1.6695160e-02
-1.6497755e-02
-1.4804452e-02
-1.3041425e-02
-1.1980740e-02
-1.0706666e-02
-8.2770428e-03
-5.9231572e-03
-4.2421862e-03
-2.1926820e-03
8.4387891e-04
4.4492548e-03
6.7762216e-03
8.1409667e-03
1.2083716e-02
1.8969487e-02
2.4607652e-02
2.4931261e-02
1.9960607e-02
1.3015607e-02
6.7667514e-03
2.7736848e-03
6.2642607e-04
-6.5248220e-04
-7.7932550e-04
-9.9334708e-04
-2.1410845e-03
-3.4755754e-03
-4.8941018e-03
-6.4698848e-03
-7.3531461e-03
-6.1023571e-03
-2.9304004e-03
-7.4919820e-05
1.2386889e-03
1.5536716e-03
1.9994042e-03
2.6706940e-03
3.1473927e-03
3.6003339e-03
3.6690137e-03
3.8632296e-03
4.2627474e-03
3.0258823e-03
-5.2524477e-04
-5.8397254e-03
-1.2904419e-02
-2.0381455e-02
-2.5292337e-02
-2.4654100e-02
-1.7365967e-02
-6.7664085e-03
2.3186245e-03
7.2804817e-03
7.8602932e-03
5.5842797e-03
2.2978808e-03
-1.2781379e-03
-4.5370024e-03
-5.5544344e-03
-3.2566785e-03
8.1991154e-04
4.3016346e-03
6.1240224e-03
6.7205157e-03
6.8794425e-03
6.6132300e-03
5.8973709e-03
5.7878535e-03
6.8852187e-03
8.3394185e-03
8.8114354e-03
8.3863077e-03
8.4299442e-03
8.8583922e-03
9.0471280e-03
8.9420364e-03
7.5654764e-03
4.1018010e-03
1.2473804e-05
-1.9560964e-03
-1.6733467e-03
-1.2798674e-03
-1.5109222e-03
-2.3448156e-03
-3.7542204e-03
-5.7366659e-03
-8.6475676e-03
-1.1631601e-02
-1.3666149e-02
-1.5282821e-02
-1.6950039e-02
-1.8407377e-02
-1.9351691e-02
-1.8482827e-02
-1.3893239e-02
-3.9173305e-03
9.5592560e-03
2.0166565e-02
2.5642593e-02
2.6550324e-02
2.2477601e-02
1.5794431e-02
8.9232338e-03
2.9543363e-03
-1.3217990e-03
-4.2471176e-03
-6.1347898e-03
-7.0948066e-03
-6.7928922e-03
-5.1701616e-03
-3.8052743e-03
-4.1532017e-03
-6.4885324e-03
-1.0295245e-02
-1.4181813e-02
-1.5395607e-02
-1.2692083e-02
-8.1636497e-03
-4.4055346e-03
-2.4766367e-03
-3.5823326e-03
-7.7057902e-03
-1.1408715e-02
-1.1843083e-02
-7.1441231e-03
2.9201652e-03
1.5033397e-02
2.7047430e-02
3.9675849e-02
5.1199608e-02
5.8170608e-02
6.0349184e-02
5.8879208e-02
5.3469398e-02
4.2331558e-02
2.3101492e-02
-2.2184139e-03
-2.6543026e-02
-4.6403511e-02
-6.4016433e-02
-8.0000101e-02
-9.0948495e-02
-9.3298545e-02
-8.5528796e-02
-6.6365064e-02
-3.2766795e-02
7.6432950e-03
3.6523921e-02
4.8777260e-02
4.9787405e-02
4.3439353e-02
3.4696552e-02
2.7334532e-02
2.1055011e-02
1.3941530e-02
6.7483235e-03
1.8768750e-03
-2.9952628e-04
-6.2907728e-04
1.3094093e-04
9.9395045e-04
1.8203247e-03
3.3282307e-03
4.9542893e-03
5.0761422e-03
2.9810859e-03
-1.0970265e-03
-5.6828849e-03
-8.3880950e-03
-9.0434188e-03
-8.8419830e-03
-8.0402180e-03
-7.2518696e-03
-7.0279157e-03
-6.7275496e-03
-5.1038037e-03
-1.7594165e-03
1.8774047e-03
4.0080781e-03
3.9901652e-03
2.0178540e-03
-6.8018197e-04
-1.8906436e-03
-6.1824671e-04
1.8536608e-03
4.2654245e-03
6.6692842e-03
8.8490709e-03
9.4791271e-03
7.3468059e-03
2.9383951e-03
-1.6579763e-03
-4.0233512e-03
-3.3280623e-03
-1.0522809e-03
1.7692973e-03
3.8823307e-03
2.9452850e-03
-7.6807944e-04
-4.3975053e-03
-5.0259691e-03
-2.5144875e-03
2.1363345e-04
1.3267207e-03
1.0658270e-03
-1.4700126e-04
-1.0906337e-03
-4.8090964e-04
1.5052345e-03
3.1647291e-03
2.1945892e-03
-1.4491014e-03
-4.7658092e-03
-4.2560790e-03
8.6658576e-05
4.2142653e-03
4.7424826e-03
1.2237720e-03
-4.6347952e-03
-8.3710262e-03
-6.3421539e-03
-1.1295405e-03
1.3733594e-03
-4.0402001e-04
-2.7371002e-03
-1.5089706e-03
2.9035615e-03
5.0116952e-03
1.4768639e-03
-4.8720840e-03
-8.4881104e-03
-6.5199816e-03
-2.0535013e-03
-4.8042991e-04
-3.8913265e-03
-8.6232515e-03
-9.4366460e-03
-4.9594868e-03
1.5368318e-03
5.3790780e-03
5.8230914e-03
5.9346795e-03
8.3555855e-03
1.3056352e-02
1.7216928e-02
1.7190400e-02
1.2866057e-02
7.2956557e-03
2.4129646e-03
-1.0303302e-03
-2.9740871e-03
-4.2248892e-03
-4.9711251e-03
-5.1055420e-03
-4.7056864e-03
-3.6419383e-03
-2.7738624e-03
-3.3735745e-03
-4.8950908e-03
-5.6299884e-03
-4.8692673e-03
-2.8764132e-03
-9.8080719e-04
-9.6297654e-05
2.1697724e-04
-8.3482585e-05
-9.0619906e-04
-1.2380813e-03
-1.4213747e-04
1.6575911e-03
2.6105991e-03
2.3769167e-03
1.9299651e-03
2.3665467e-03
2.9588936e-03
2.5195949e-03
1.2074785e-03
-4.5691432e-04
-2.0801159e-03
-3.2269849e-03
-3.7183268e-03
-4.0700746e-03
-4.5978525e-03
-5.2226485e-03
-5.7641600e-03
-5.7203026e-03
-5.2797908e-03
-4.8044787e-03
-3.6599009e-03
-1.4078695e-03
2.1261368e-03
6.7666929e-03
1.1149153e-02
1.3676296e-02
1.2827475e-02
6.6436890e-03
-2.4850905e-03
-7.5612450e-03
-6.8429548e-03
-4.3270897e-03
-1.9440469e-03
1.1407817e-03
4.7646927e-03
8.2082506e-03
1.0704401e-02
1.1125298e-02
9.0799868e-03
4.6250462e-03
-6.7306811e-04
-4.1673429e-03
-4.6946614e-03
-3.2022733e-03
-2.2113894e-03
-3.0931153e-03
-4.8563813e-03
-5.7449051e-03
-6.0996889e-03
-7.8558626e-03
-9.6885704e-03
-9.1220078e-03
-5.4770792e-03
-3.9357374e-04
2.9722618e-03
4.3883307e-03
5.0003408e-03
4.9617680e-03
4.2773300e-03
3.0210753e-03
1.9980411e-03
1.5817287e-03
1.2059064e-03
9.4503546e-04
1.1184613e-03
1.1664957e-03
6.8029914e-04
1.1309983e-04
-1.9214825e-04
-7.6857689e-04
-1.4593270e-03
-1.6943119e-03
-2.1832728e-03
-3.1224565e-03
-3.6122619e-03
-3.1825657e-03
-2.2744707e-03
-1.6993045e-03
-1.1385010e-03
1.4946500e-04
1.4673684e-03
2.0639356e-03
2.0292511e-03
1.9612009e-03
2.1375440e-03
1.9257332e-03
1.4876435e-03
1.2211116e-03
7.2779971e-04
1.5542269e-04
2.7276780e-04
1.2383939e-03
2.0768015e-03
2.0412421e-03
1.6052249e-03
1.4479323e-03
1.3907428e-03
7.9554413e-04
-1.8316140e-04
-6.7821966e-04
-7.0577359e-04
-6.6917723e-04
-5.6371869e-04
-4.8095812e-04
-2.7070351e-04
-3.1772215e-04
-1.2713145e-03
-2.4000943e-03
-2.7050475e-03
-2.4666310e-03
-2.0528447e-03
-1.5305839e-03
-9.9579540e-04
-4.3863223e-04
4.3004816e-05
4.6273146e-04
1.1738935e-03
2.1300131e-03
2.5891991e-03
2.4772858e-03
2.0441177e-03
1.1973853e-03
2.6597077e-04
-2.1744532e-04
-3.2637808e-04
-6.0700484e-04
-1.2998922e-03
-1.7219786e-03
-1.4113860e-03
-1.0044209e-03
-9.8631150e-04
-1.3392403e-03
-1.5429367e-03
-1.0764771e-03
-1.5240657e-04
4.9744025e-04
7.0569948e-04
8.4586278e-04
5.7347716e-04
-3.9952747e-04
-1.6970520e-03
-2.5671793e-03
-3.0413718e-03
-3.5104503e-03
-3.3906168e-03
-2.7161711e-03
-1.8366958e-03
-3.8860009e-04
1.4989724e-03
3.4246361e-03
5.1666003e-03
6.6350357e-03
8.0001688e-03
8.7783635e-03
8.4431485e-03
6.6861107e-03
3.2910769e-03
-5.9704426e-04
-3.3973429e-03
-4.1268254e-03
-3.4154515e-03
-3.1668010e-03
-3.5607838e-03
-3.5788877e-03
-2.8093218e-03
-1.4767318e-03
-1.3710866e-04
6.1968100e-04
4.9819008e-04
-9.6655808e-05
-8.9335935e-04
-1.8103394e-03
-2.0692425e-03
-1.2991639e-03
3.2917577e-04
2.3560491e-03
3.5440145e-03
3.5513512e-03
2.5705361e-03
7.5111228e-04
-1.2412273e-03
-2.7280342e-03
-3.0919818e-03
-1.9025049e-03
1.3963882e-04
8.4088760e-04
-7.6141283e-04
-2.9700965e-03
-4.3546906e-03
-5.0203505e-03
-5.8568736e-03
-7.5846655e-03
-8.3118289e-03
-6.6502267e-03
-4.1117858e-03
-1.3709568e-03
1.8591969e-03
5.7771345e-03
1.0170732e-02
1.3217905e-02
1.2988614e-02
9.2738943e-03
2.1632008e-03
-5.5680510e-03
-8.9272755e-03
-7.4487511e-03
-2.9740099e-03
3.0847382e-03
8.8284169e-03
1.2547940e-02
1.3109546e-02
1.1510226e-02
8.4794228e-03
3.6751609e-03
-8.7719209e-04
-3.1928048e-03
-4.3335870e-03
-5.5064813e-03
-5.8444095e-03
-5.1993565e-03
-5.4167480e-03
-7.0388273e-03
-9.0619982e-03
-1.0378351e-02
-9.5599938e-03
-6.7808779e-03
-4.1346736e-03
-1.8204166e-03
9.1986487e-04
3.2913701e-03
5.2100320e-03
6.7110666e-03
7.5180803e-03
7.7953860e-03
6.7337672e-03
4.3696479e-03
2.4880379e-03
1.5046732e-03
4.8060335e-05
-2.3540063e-03
-4.2656540e-03
-4.5782511e-03
-3.6480752e-03
-2.4011752e-03
-1.8656632e-03
-1.8829940e-03
-1.6071165e-03
-1.3730339e-03
-1.8486585e-03
-2.6445361e-03
-2.4950636e-03
-9.2965401e-04
8.6502046e-04
1.7182756e-03
1.6538551e-03
1.5506889e-03
1.8844491e-03
2.0540399e-03
1.3919570e-03
-8.0869365e-05
-1.2831908e-03
-8.5839814e-04
1.1935534e-03
3.6878331e-03
5.4367415e-03
5.7419782e-03
4.5542035e-03
2.7352654e-03
8.9409571e-04
-6.1239083e-04
-8.5866563e-04
-2.6466256e-04
-2.9856576e-04
-6.7604597e-04
-3.5646434e-04
1.3444192e-04
-1.1954106e-04
-1.3851212e-03
-3.3322330e-03
-4.3995744e-03
-3.0087365e-03
-3.2326687e-04
7.2970134e-04
-5.3749885e-04
-2.1021248e-03
-2.1630952e-03
-7.8920489e-04
7.2077087e-04
8.9412287e-04
-2.4577816e-04
-1.1892137e-03
-1.4242817e-03
-1.3000995e-03
-8.7571200e-04
-6.0150676e-04
-4.2308005e-04
6.5437561e-04
2.4456349e-03
3.4158026e-03
3.2044428e-03
2.6259524e-03
1.7523370e-03
5.9326251e-04
-5.7251615e-04
-1.5658799e-03
-2.5589425e-03
-3.8627213e-03
-5.4586136e-03
-6.8921941e-03
-6.9366462e-03
-5.1784321e-03
-2.5381314e-03
-2.5097501e-05
2.0873040e-03
3.8753617e-03
5.6575573e-03
7.8573381e-03
9.1045525e-03
7.7120830e-03
4.5605059e-03
1.3148351e-03
-1.9494733e-03
-5.1596582e-03
-7.4107999e-03
-8.4378281e-03
-7.5901522e-03
-4.3407068e-03
-4.8960930e-04
1.9241606e-03
4.3867841e-03
9.0957301e-03
1.4193094e-02
1.6908916e-02
1.7859880e-02
1.8778788e-02
1.9362774e-02
1.7222194e-02
9.5433440e-03
-2.0410760e-03
-1.2605989e-02
-1.9888501e-02
-2.4383457e-02
-2.6253730e-02
-2.4595828e-02
-1.8766137e-02
-1.0713642e-02
-5.2844267e-03
-4.7184638e-03
-6.1988171e-03
-6.4863843e-03
-5.2220260e-03
-2.7562488e-03
7.5231961e-04
3.8980061e-03
5.7472530e-03
6.9194940e-03
8.4555376e-03
1.0751389e-02
1.3107798e-02
1.4563561e-02
1.3372321e-02
8.4821762e-03
2.6149509e-03
-1.6093559e-03
-4.2441715e-03
-5.4394347e-03
-6.2563322e-03
-7.4545264e-03
-8.2840384e-03
-8.0836635e-03
-6.3754839e-03
-4.2528297e-03
-3.5864226e-03
-4.0487555e-03
-3.4374866e-03
-1.3348142e-03
9.2829017e-04
3.1863285e-03
5.7251857e-03
9.0625147e-03
1.2954480e-02
1.5201391e-02
1.4336961e-02
1.1556088e-02
8.4635047e-03
4.9518613e-03
1.3117450e-03
-1.3891134e-03
-2.7317725e-03
-2.9799936e-03
-3.5055750e-03
-5.0942777e-03
-6.4427970e-03
-6.3417468e-03
-5.0992494e-03
-3.5655218e-03
-1.9462366e-03
-4.5576686e-04
2.2469451e-04
4.2441825e-04
2.9571986e-06
-1.8883410e-03
-4.1915423e-03
-5.1946256e-03
-5.0557812e-03
-5.3096812e-03
-6.2042343e-03
-6.0974618e-03
-3.2772438e-03
1.6246452e-03
5.5796652e-03
7.0224237e-03
6.4777435e-03
4.9614795e-03
3.5403467e-03
2.3513817e-03
7.9947986e-04
-7.1619199e-04
-1.2493315e-03
-1.6063590e-03
-2.4727902e-03
-2.4953171e-03
-2.5354000e-04
3.8825486e-03
7.0638623e-03
6.6853014e-03
3.0962692e-03
-3.8642396e-03
-1.2529321e-02
-1.7845999e-02
-1.8627382e-02
-1.6460752e-02
-1.2135743e-02
-5.9440711e-03
1.1149028e-03
7.4139352e-03
1.2861242e-02
1.7618204e-02
2.0322463e-02
1.9929665e-02
1.6775228e-02
1.2018266e-02
6.9754221e-03
2.2725502e-03
-1.0364701e-03
-1.6541397e-03
-3.4826330e-04
2.0970018e-04
-8.4694245e-04
-2.0469851e-03
-2.5625013e-03
-3.4028029e-03
-6.3537538e-03
-1.0355808e-02
-1.1621405e-02
-9.1458695e-03
-5.8234172e-03
-3.9013906e-03
-3.3886161e-03
-3.3101749e-03
-3.1283340e-03
-3.2237456e-03
-2.5335559e-03
-2.3405047e-04
1.9387479e-03
3.3736262e-03
4.7448268e-03
5.6559300e-03
6.4120108e-03
7.6391819e-03
8.0935048e-03
7.1924056e-03
6.2446946e-03
4.9222268e-03
2.2806830e-03
-5.5589297e-04
-2.5980051e-03
-3.8783147e-03
-4.9967388e-03
-6.1653172e-03
-6.4542049e-03
-5.5702192e-03
-4.7663527e-03
-5.7496848e-03
-8.1441381e-03
-9.2641898e-03
-8.4089630e-03
-7.1795751e-03
-5.5628747e-03
-2.9345499e-03
-7.7573117e-05
1.8636257e-03
3.2991252e-03
5.8556922e-03
9.2512065e-03
1.2008742e-02
1.3620127e-02
1.3407758e-02
1.1131547e-02
7.1385841e-03
1.3799727e-03
-4.2536856e-03
-5.7682429e-03
-2.3549627e-03
1.8589726e-03
3.6808616e-03
2.9949107e-03
9.8267963e-04
-5.1725176e-04
-1.1907094e-03
-1.8548502e-03
-2.3067546e-03
-1.6757940e-03
-3.7203396e-04
-1.4474819e-04
-1.5108578e-03
-3.0581973e-03
-3.3616917e-03
-2.1714264e-03
-8.6186049e-04
-5.5538846e-04
-7.4001366e-04
-1.1247788e-03
-1.1844219e-03
-1.3796743e-05
2.1933245e-03
4.0468745e-03
4.8063888e-03
5.0681733e-03
4.6718961e-03
2.9734092e-03
6.6640699e-04
-1.1617116e-03
-2.5503554e-03
-5.1334700e-03
-9.8438327e-03
-1.4266884e-02
-1.5612267e-02
-1.4025207e-02
-1.0944318e-02
-7.8099450e-03
-5.7895350e-03
-3.9955698e-03
-1.6797827e-03
-1.0785917e-04
1.1890107e-04
7.3655310e-05
1.2470323e-03
4.1812138e-03
8.0303023e-03
1.2059499e-02
1.5774770e-02
1.7525600e-02
1.7062802e-02
1.5715264e-02
1.3563775e-02
1.0590604e-02
6.7372338e-03
1.9029153e-03
-2.0257487e-03
-2.3839750e-03
7.4103659e-04
3.2949570e-03
1.4767495e-03
-2.9975725e-03
-5.8956872e-03
-6.2890319e-03
-6.0802563e-03
-6.5359934e-03
-6.9966730e-03
-6.5863524e-03
-5.5796906e-03
-5.9839658e-03
-8.3238864e-03
-1.0382816e-02
-1.0490864e-02
-7.9788510e-03
-4.1497405e-03
-1.3086416e-03
-8.1854147e-05
8.6638614e-04
3.1327470e-03
6.1848028e-03
8.5219131e-03
9.6750814e-03
9.1946355e-03
7.0191158e-03
3.6826131e-03
1.5707688e-05
-2.5393159e-03
-3.4847403e-03
-2.9868919e-03
-1.9807348e-03
-2.2806946e-03
-4.2213038e-03
-6.5569963e-03
-7.2117706e-03
-5.2216741e-03
-1.9079192e-03
1.3443871e-03
4.0079202e-03
5.6619233e-03
5.8925900e-03
4.9222552e-03
3.3894993e-03
2.1357051e-03
1.2988643e-03
6.9663819e-04
7.1301561e-04
8.3422135e-04
8.7396348e-04
1.5385566e-03
2.2707762e-03
2.2570457e-03
1.5856214e-03
4.0117828e-04
-6.4997581e-04
-8.4310507e-04
-6.9272401e-04
-8.6667905e-04
-1.3248728e-03
-1.7854722e-03
-2.2291147e-03
-2.5702258e-03
-2.6247363e-03
-2.5410767e-03
-1.8676149e-03
-8.3384879e-04
-5.6292251e-04
-6.7095023e-04
-6.9258663e-05
1.3337029e-03
2.7259613e-03
3.4494788e-03
3.3758353e-03
2.7516395e-03
1.9976934e-03
1.0145087e-03
-1.2638202e-04
-6.6252613e-04
4.7343132e-05
1.6272062e-03
2.7096192e-03
2.7518110e-03
2.0513345e-03
8.5137118e-04
-2.2561896e-04
-1.0465455e-03
-2.1398141e-03
-3.7025961e-03
-5.1694623e-03
-5.8220596e-03
-5.6655243e-03
-5.3913284e-03
-5.6430013e-03
-5.6235859e-03
-4.4865406e-03
-3.0035922e-03
-2.0148427e-03
-1.5876938e-03
-1.4322135e-03
-1.2284553e-03
-5.2593250e-04
8.6013879e-04
2.6295508e-03
4.4993692e-03
6.0970822e-03
7.3506860e-03
8.1406972e-03
7.9978935e-03
6.8160478e-03
4.9111429e-03
2.9366078e-03
1.2017674e-03
-6.3851779e-04
-2.1424883e-03
-2.1032048e-03
-9.5040739e-04
1.6234160e-05
8.2808936e-04
1.4443269e-03
1.4084072e-03
7.0990175e-04
-3.6789836e-04
-9.1595839e-04
-5.9727115e-04
1.0549800e-04
9.7898259e-04
2.2755513e-03
3.9988133e-03
5.1365757e-03
4.6172143e-03
1.9340615e-03
-2.1054674e-03
-5.4762372e-03
-7.2520465e-03
-7.8665673e-03
-7.8286889e-03
-7.1451077e-03
-6.0648193e-03
-5.1431339e-03
-3.2439206e-03
9.7584602e-04
5.5038792e-03
7.2761126e-03
6.3207717e-03
3.8189130e-03
3.2432969e-04
-3.7405064e-03
-8.2007833e-03
-1.1459978e-02
-1.1434350e-02
-9.2609271e-03
-7.7005553e-03
-6.6017350e-03
-4.9954535e-03
-4.1125757e-03
-3.8932229e-03
-3.0407760e-03
-1.0119505e-03
3.1939305e-03
9.0438656e-03
1.4425496e-02
1.9435996e-02
2.5177497e-02
3.0122196e-02
3.0698626e-02
2.3005684e-02
9.2959549e-03
-2.3945870e-03
-9.4515021e-03
-1.3981191e-02
-1.6887962e-02
-1.6671005e-02
-1.2566918e-02
-7.6679448e-03
-4.5944476e-03
-2.7100279e-03
-7.4165619e-04
1.3752561e-03
2.7108235e-03
2.8838264e-03
3.1251131e-03
4.2577735e-03
4.3330190e-03
6.2598275e-04
-6.2645568e-03
-1.2767003e-02
-1.5812945e-02
-1.5588216e-02
-1.4798777e-02
-1.3285905e-02
-7.2590286e-03
2.9259671e-03
1.2016216e-02
1.6581177e-02
1.6516520e-02
1.3919480e-02
1.0512846e-02
6.9771047e-03
3.9015646e-03
1.4449878e-03
-4.2900372e-04
-2.5897446e-03
-5.4130146e-03
-8.1828043e-03
-1.0571281e-02
-1.1575908e-02
-1.0338693e-02
-7.5693640e-03
-4.4686375e-03
-1.6730975e-03
8.1750316e-04
3.0970662e-03
5.0500011e-03
5.6291598e-03
3.6771562e-03
-7.8903782e-04
-4.9604833e-03
-5.5314500e-03
-2.9331990e-03
1.2932689e-03
7.2009495e-03
1.4556494e-02
2.0975860e-02
2.2779040e-02
1.9930539e-02
1.5799200e-02
1.0713193e-02
4.0395141e-03
-2.4921733e-03
-6.8697874e-03
-8.8552380e-03
-1.0642757e-02
-1.3850320e-02
-1.6743860e-02
-1.7060821e-02
-1.5443367e-02
-1.4230185e-02
-1.4516450e-02
-1.4809528e-02
-1.2180073e-02
-4.5905254e-03
4.9213311e-03
1.0768398e-02
1.2487539e-02
1.2507596e-02
1.2172362e-02
1.1271311e-02
9.5083375e-03
7.8835897e-03
5.9863547e-03
3.7961839e-03
2.5337014e-03
2.0183714e-03
1.5569950e-03
5.9224051e-04
-2.3566828e-04
-4.1991066e-04
-8.1130649e-04
-1.6347840e-03
-2.9688173e-03
-4.9108376e-03
-7.2147534e-03
-9.5936155e-03
-1.1002879e-02
-1.0031202e-02
-5.9858632e-03
-1.3915353e-03
-1.5367330e-04
-1.2014284e-03
-1.6297197e-03
-1.6698459e-03
-2.4240391e-03
-3.1970172e-03
-2.7179282e-03
-1.1672869e-03
8.2615120e-04
2.5477805e-03
4.5470472e-03
8.4899021e-03
1.3819271e-02
1.7757534e-02
1.8414946e-02
1.5920165e-02
1.1232796e-02
5.2585409e-03
-1.7531445e-03
-9.2001145e-03
-1.5864256e-02
-2.0182376e-02
-1.9788822e-02
-1.2551054e-02
-1.4880196e-03
6.4833880e-03
9.8527256e-03
1.0982020e-02
1.0600992e-02
8.1576129e-03
3.2795419e-03
-1.9546073e-03
-4.7877313e-03
-5.4390582e-03
-5.2011555e-03
-4.2388572e-03
-2.7048445e-03
-1.1637212e-03
-6.5812390e-05
2.9438468e-04
-1.9448637e-04
-6.8891743e-04
-4.1611848e-04
1.1852649e-04
2.6144044e-04
1.0634245e-04
-7.1649075e-05
-3.8865300e-04
-7.6237659e-04
-8.8444654e-04
-1.3768325e-03
-2.6340089e-03
-3.8072701e-03
-4.3524331e-03
-3.7929557e-03
-2.0631569e-03
-1.5071331e-04
1.4697470e-03
3.0952479e-03
4.0028711e-03
3.3980916e-03
1.9396516e-03
2.2365897e-04
-1.5803774e-03
-3.1646447e-03
-3.7541904e-03
-2.6564721e-03
-3.1783066e-04
2.0510965e-03
3.5520931e-03
4.1309457e-03
4.2027463e-03
4.0636880e-03
3.9758590e-03
3.8596005e-03
3.0396785e-03
1.5037337e-03
4.3006467e-04
5.9683045e-04
1.3091729e-03
1.7551382e-03
1.7734548e-03
1.1346335e-03
4.9494986e-05
-3.2667911e-04
6.7804961e-04
2.1992847e-03
2.7503910e-03
1.2850379e-03
-1.7147715e-03
-4.1610632e-03
-5.1757511e-03
-5.5301327e-03
-5.3940660e-03
-5.0190067e-03
-5.2130459e-03
-5.5265619e-03
-5.0360028e-03
-3.4430410e-03
-6.0336890e-04
2.2336079e-03
4.0826485e-03
5.1662700e-03
4.4028594e-03
1.9863436e-03
7.6128893e-05
-1.0672452e-03
-2.5747920e-03
-4.9359538e-03
-6.8877763e-03
-6.5539473e-03
-4.3395963e-03
-2.6156215e-03
-1.5132284e-03
1.0222436e-03
3.9999202e-03
5.6681044e-03
5.9061399e-03
5.1960783e-03
5.4902426e-03
7.4813809e-03
9.0002296e-03
7.6876110e-03
3.4639440e-03
-1.2081877e-03
-3.2134760e-03
-2.3652340e-03
-8.4939825e-04
1.4201420e-04
1.4152188e-03
3.3462484e-03
3.8309533e-03
2.1900575e-03
-1.3763834e-04
-1.9261880e-03
-2.3033971e-03
-2.2794970e-03
-3.1219624e-03
-3.7493185e-03
-3.0281657e-03
-1.7645659e-03
-1.4755770e-03
-2.4266450e-03
-3.9083810e-03
-5.4915501e-03
-6.9083252e-03
-7.9215088e-03
-8.1026704e-03
-6.0732704e-03
-1.9137813e-03
2.0673053e-03
5.0824991e-03
7.5275316e-03
9.4531586e-03
1.0535694e-02
1.0282531e-02
8.8785581e-03
6.2512939e-03
2.7963699e-03
-2.9759936e-04
-3.0890711e-03
-6.1958502e-03
-8.5477675e-03
-8.5930087e-03
-7.5020374e-03
-6.7095994e-03
-5.7851170e-03
-3.8860513e-03
-4.9959797e-04
3.5695858e-03
6.7224850e-03
8.0228211e-03
8.0275563e-03
7.3411991e-03
5.6380048e-03
3.1205741e-03
4.1155558e-04
-1.8538107e-03
-3.0780131e-03
-3.4889722e-03
-3.4182848e-03
-2.6950782e-03
-2.1528054e-03
-2.8560916e-03
-3.7721073e-03
-4.0690400e-03
-4.5964680e-03
-4.8154999e-03
-3.1196532e-03
-8.4817301e-05
2.7613552e-03
4.7301773e-03
5.4888431e-03
5.8728365e-03
6.5188498e-03
6.6245334e-03
5.8741946e-03
4.4041480e-03
2.1169087e-03
-3.3662541e-04
-1.6071552e-03
-1.2633800e-03
-1.9207873e-04
2.4693906e-04
-6.7116645e-04
-1.9355436e-03
-2.5123074e-03
-3.0511024e-03
-4.2777264e-03
-5.1619566e-03
-4.6093228e-03
-3.5647934e-03
-2.6311288e-03
-1.5132222e-03
-8.6754183e-05
1.7964029e-03
3.7164719e-03
5.0058287e-03
5.8976255e-03
6.1588148e-03
4.4797786e-03
1.7226468e-03
-3.8108586e-04
-1.7494770e-03
-2.8416758e-03
-4.2120394e-03
-6.0233406e-03
-7.7293376e-03
-8.7972514e-03
-8.7219384e-03
-7.7457257e-03
-6.3710966e-03
-4.0726256e-03
-1.9180076e-03
-1.3332589e-03
-6.8899704e-04
1.3604336e-03
3.8724469e-03
5.6835530e-03
6.8999460e-03
8.5892620e-03
1.0747851e-02
1.1928316e-02
1.1095715e-02
8.9552020e-03
6.1041530e-03
2.2510598e-03
-2.2618458e-03
-5.3266023e-03
-5.5344917e-03
-4.8850114e-03
-3.8790889e-03
-1.5271531e-03
9.9918318e-04
1.9362314e-03
7.6853806e-04
-8.0674591e-04
-6.6175931e-04
1.3263778e-03
3.5190575e-03
4.6477998e-03
4.0007879e-03
1.7512831e-03
-9.3346820e-04
-3.2347520e-03
-4.0320117e-03
-2.8871696e-03
-1.5861646e-03
-1.7690179e-03
-2.8759088e-03
-3.6381573e-03
-3.4884246e-03
-2.7886365e-03
-1.5294660e-03
9.0814252e-04
3.3026706e-03
4.4871719e-03
4.7901727e-03
3.7251640e-03
1.5034496e-03
-1.2640716e-03
-5.0320851e-03
-9.5009499e-03
-1.3984642e-02
-1.6572957e-02
-1.5824748e-02
-1.3139581e-02
-1.0387224e-02
-8.4337078e-03
-5.8231737e-03
-2.1091253e-03
1.1707112e-03
4.4613664e-03
8.7922609e-03
1.4436169e-02
2.0529787e-02
2.3960929e-02
2.3232807e-02
1.9529542e-02
1.4427899e-02
1.0143155e-02
7.1776817e-03
4.4235010e-03
1.4030540e-03
-1.4684211e-03
-3.3933048e-03
-4.9499596e-03
-7.0889518e-03
-8.9221851e-03
-8.9960278e-03
-7.4826832e-03
-5.9109830e-03
-5.4143637e-03
-5.9856744e-03
-6.6632853e-03
-6.1660741e-03
-4.2384946e-03
-2.0959361e-03
-7.0221990e-04
3.6609605e-04
8.2080585e-04
-1.7152245e-05
-1.1208663e-03
-1.3505622e-03
-3.8488063e-04
1.2118303e-03
2.0257005e-03
1.4666455e-03
6.7656597e-04
5.2753674e-04
8.5879653e-04
1.5336287e-03
1.8512308e-03
1.6327229e-03
1.5283637e-03
1.1866287e-03
-2.1866512e-05
-1.8058673e-03
-3.2916533e-03
-3.8588254e-03
-3.8955805e-03
-4.0381961e-03
-3.5339322e-03
-9.1359984e-04
3.5347050e-03
8.5712829e-03
1.2755393e-02
1.2984267e-02
5.9156277e-03
-6.1747101e-03
-1.5286903e-02
-1.7377011e-02
-1.5016203e-02
-1.0727823e-02
-4.7350182e-03
1.9368795e-03
7.8952252e-03
1.2690163e-02
1.6484166e-02
1.8827523e-02
1.8171406e-02
1.4549981e-02
9.3721491e-03
4.1542639e-03
7.8275046e-05
-3.2192321e-03
-6.5262723e-03
-1.0160606e-02
-1.3778375e-02
-1.5814197e-02
-1.5169098e-02
-1.2365776e-02
-8.9001153e-03
-5.1584346e-03
-7.2105099e-04
3.2834125e-03
5.3863949e-03
5.9804788e-03
6.2832036e-03
6.0293890e-03
4.2709108e-03
1.3102693e-03
-1.0050331e-03
-1.5731227e-03
-1.1806507e-03
-7.9056056e-04
-5.9958000e-04
-4.8737570e-04
-9.4559514e-05
1.0381654e-03
2.2558134e-03
2.8910479e-03
3.1429435e-03
3.7294898e-03
4.9183652e-03
5.3504808e-03
5.0868294e-03
4.7159486e-03
2.4314978e-03
-1.8060231e-03
-5.3801627e-03
-7.0552063e-03
-6.9507926e-03
-5.7981317e-03
-4.5848377e-03
-3.6904744e-03
-3.4891990e-03
-4.0694078e-03
-5.0207995e-03
-5.6877730e-03
-5.7706237e-03
-5.3759751e-03
-3.8095416e-03
-9.4081767e-04
1.5140521e-03
2.7634341e-03
4.0035064e-03
5.9810774e-03
8.3615834e-03
1.0348643e-02
1.0865312e-02
1.0189268e-02
8.9199982e-03
5.4650507e-03
5.7406025e-04
-2.6815036e-03
-4.5583747e-03
-5.5639641e-03
-5.0276628e-03
-3.4597458e-03
-1.7284000e-03
-7.5271683e-05
1.9051504e-03
3.9910192e-03
4.4589949e-03
2.4556459e-03
8.6291260e-04
1.6148723e-03
2.3799511e-03
1.4925366e-03
-4.4424815e-04
-2.1494960e-03
-2.4897127e-03
-2.3984799e-03
-3.4181484e-03
-5.0072689e-03
-5.9948976e-03
-5.3908996e-03
-2.6150794e-03
1.2927351e-03
4.3508856e-03
5.5562221e-03
5.1224127e-03
2.8285072e-03
-1.2274307e-03
-5.2196871e-03
-8.1596895e-03
-1.0137441e-02
-1.0706281e-02
-1.0343501e-02
-9.6253995e-03
-7.9154728e-03
-5.1535124e-03
-2.2091070e-03
-1.5241763e-04
4.4443326e-04
-1.3630333e-04
-1.0643651e-03
-1.4974989e-03
-7.7699841e-04
1.9717554e-03
6.2692809e-03
1.0859481e-02
1.6523242e-02
2.2385942e-02
2.4572343e-02
2.2773058e-02
1.8651516e-02
1.2300759e-02
5.7078138e-03
1.5946418e-03
-4.1217151e-04
-2.6762088e-03
-5.4830086e-03
-6.8803775e-03
-6.3005990e-03
-4.9401426e-03
-4.7509827e-03
-6.7994377e-03
-9.2866207e-03
-1.0085770e-02
-9.8232943e-03
-1.0999955e-02
-1.4210019e-02
-1.6911239e-02
-1.7421107e-02
-1.6432183e-02
-1.3769429e-02
-6.3982722e-03
3.9694635e-03
1.0962645e-02
1.3952852e-02
1.4572990e-02
1.2742891e-02
9.6366358e-03
7.3032163e-03
6.0608446e-03
4.2076279e-03
1.7593783e-03
-2.6944174e-04
-2.3444761e-03
-4.1818760e-03
-5.4688057e-03
-6.2247778e-03
-5.3419359e-03
-2.3055221e-03
1.6745706e-03
5.7396145e-03
9.4834373e-03
1.2069711e-02
1.3749566e-02
1.3783785e-02
1.0609166e-02
3.5298273e-03
-5.2817974e-03
-1.0677314e-02
-1.1863919e-02
-1.0908458e-02
-8.4312191e-03
-5.5086600e-03
-2.8605411e-03
-6.3547594e-04
5.5611769e-04
4.4415361e-04
1.8934716e-04
1.2058264e-03
2.7065837e-03
2.6558213e-03
1.3042063e-03
1.5410540e-04
-7.9911992e-04
-1.7385427e-03
-2.1097306e-03
-1.5603033e-03
-4.7794166e-04
6.1710149e-05
-3.8039841e-04
-8.0173381e-04
-4.6735801e-04
-1.3574000e-04
-5.5912407e-04
-9.7945413e-04
-6.6896003e-04
-1.3226495e-04
3.4121751e-04
1.1716604e-03
1.6749971e-03
7.2882953e-04
4.2722045e-05
1.0128361e-03
2.4637379e-03
3.4669798e-03
3.3986197e-03
1.7293323e-03
-8.2744218e-04
-2.2055973e-03
-2.1784518e-03
-1.8882620e-03
-1.2340814e-03
-3.3586740e-04
7.8281452e-04
1.9383762e-03
1.8454722e-03
4.2042260e-05
-1.9182500e-03
-2.0522707e-03
-6.0192527e-04
5.3862079e-04
4.7835707e-04
-1.0922804e-04
-4.1383280e-04
-4.7430117e-04
-3.5520459e-04
2.9826275e-04
1.5256254e-03
2.1476306e-03
1.3146407e-03
1.4581660e-04
-1.4363390e-04
4.8471445e-04
9.0531313e-04
-1.9955649e-04
-2.4510886e-03
-4.2901639e-03
-5.5048329e-03
-6.6103533e-03
-7.1583699e-03
-6.7058598e-03
-4.4170541e-03
-2.8832621e-04
4.0979044e-03
7.7455848e-03
9.1568599e-03
7.9196124e-03
6.2751631e-03
5.0021580e-03
3.4879392e-03
1.5523229e-03
-2.7701630e-04
-1.2845670e-03
-1.9231047e-03
-1.9734800e-03
-1.0832857e-03
4.5359112e-05
1.0994618e-03
2.0485791e-03
3.1128121e-03
4.1266566e-03
4.3586235e-03
4.4513333e-03
5.0290075e-03
4.4909759e-03
1.6941681e-03
-1.7780239e-03
-4.2439977e-03
-5.5311184e-03
-5.6545471e-03
-5.0273220e-03
-4.5693116e-03
-5.3445434e-03
-7.5882663e-03
-9.5856631e-03
-9.9282732e-03
-9.5888068e-03
-9.6019286e-03
-9.5771249e-03
-9.4845227e-03
-8.9984631e-03
-6.6258704e-03
-2.1440904e-03
2.6200368e-03
5.9196469e-03
8.3451698e-03
1.1561361e-02
1.5585830e-02
1.9484703e-02
2.2050650e-02
2.1889996e-02
1.7875813e-02
1.0855495e-02
4.0058480e-03
-9.8783799e-04
-4.2053774e-03
-5.9783961e-03
-7.1453302e-03
-7.7948004e-03
-7.3027183e-03
-6.0416592e-03
-5.2530462e-03
-5.3516600e-03
-5.4469541e-03
-4.2892874e-03
-1.7889283e-03
3.1194140e-04
6.4080660e-04
-1.9000284e-04
-7.5185354e-04
-2.5707290e-04
4.5949160e-04
3.3355051e-04
-2.3891656e-04
-2.4148548e-04
6.5238910e-04
1.2525569e-03
9.4621557e-04
6.0786913e-04
6.0870438e-04
8.8606212e-04
9.6421292e-04
1.2260990e-04
-1.0723698e-03
-1.2561829e-03
-6.1699652e-04
-8.0657311e-04
-2.5069607e-03
-5.1245263e-03
-7.7705971e-03
-9.8915845e-03
-1.1329932e-02
-1.1454217e-02
-9.5363384e-03
-5.5522977e-03
-2.8184680e-04
5.2369649e-03
1.0103873e-02
1.3640547e-02
1.5574858e-02
1.4430025e-02
7.4017500e-03
-2.5707913e-03
-8.0298696e-03
-6.7361077e-03
-2.4824614e-04
7.7650919e-03
1.2347297e-02
1.2450844e-02
1.0850015e-02
9.3187786e-03
7.0524791e-03
3.3873722e-03
4.0195937e-04
8.5738295e-04
1.8981558e-03
-9.0785843e-04
-6.3767771e-03
-1.0837053e-02
-1.2638323e-02
-1.2748761e-02
-1.2893767e-02
-1.3134381e-02
-1.1813386e-02
-8.0678676e-03
-3.4441350e-03
2.0669543e-04
3.0062800e-03
5.1548867e-03
6.6404704e-03
7.5093473e-03
7.3811172e-03
6.2487187e-03
4.5084628e-03
3.1582366e-03
2.5847136e-03
2.2910151e-03
2.3968593e-03
2.5146304e-03
1.8081445e-03
6.0265237e-04
-4.0290148e-04
-9.1373896e-04
-1.1903005e-03
-1.7488133e-03
-3.1216610e-03
-5.5244282e-03
-7.4879131e-03
-7.5479033e-03
-6.8435911e-03
-6.7693803e-03
-6.9295562e-03
-6.0482228e-03
-3.7301441e-03
-1.1707381e-03
8.7193730e-04
2.5540241e-03
3.7470542e-03
4.5123425e-03
5.4795244e-03
6.8463871e-03
7.7382870e-03
7.9152741e-03
8.5685666e-03
9.7510118e-03
9.9475497e-03
8.9785791e-03
8.1059954e-03
6.6063099e-03
2.4558223e-03
-4.1217012e-03
-1.0614901e-02
-1.4321677e-02
-1.5102853e-02
-1.4683535e-02
-1.2631720e-02
-6.5761835e-03
2.3604844e-03
8.5808454e-03
9.4068469e-03
6.4995559e-03
2.4673261e-03
-3.5931703e-04
-1.6067260e-03
-2.0101337e-03
-2.2578122e-03
-2.5216455e-03
-2.6666627e-03
-2.8576388e-03
-3.4208533e-03
-3.8940339e-03
-2.8087699e-03
2.5554329e-04
3.7527145e-03
6.8856129e-03
9.9723502e-03
1.2816599e-02
1.5392146e-02
1.7215613e-02
1.6741994e-02
1.2090234e-02
2.6203850e-03
-8.8553403e-03
-1.7327198e-02
-2.0862466e-02
-2.1403691e-02
-2.0451349e-02
-1.7892381e-02
-1.4019773e-02
-9.8132835e-03
-6.0290733e-03
-2.6891324e-03
5.2281907e-04
2.4405288e-03
2.2390433e-03
1.7994378e-03
2.9953987e-03
5.7474970e-03
8.9119064e-03
1.1247425e-02
1.2098433e-02
1.1844752e-02
1.1273949e-02
9.9782583e-03
7.5805912e-03
5.0448618e-03
2.5811974e-03
-1.5427886e-05
-2.6244898e-03
-5.0391262e-03
-5.3823209e-03
-3.0989399e-03
-6.7994298e-04
2.9157018e-04
-6.0627356e-04
-2.2611356e-03
-2.6224882e-03
-1.7994205e-03
-7.5774721e-04
4.1215826e-05
2.1080766e-04
-3.1780909e-04
-8.9894434e-04
-1.2547128e-03
-1.3143747e-03
-4.2788205e-04
5.1923530e-04
7.2408557e-05
-1.1101205e-03
-1.7308923e-03
-1.1038678e-03
1.4891428e-03
4.5388321e-03
5.4654061e-03
4.4293395e-03
2.4215542e-03
4.8464290e-04
-7.9795126e-04
-2.9467142e-03
-5.9649796e-03
-8.2091386e-03
-1.0000284e-02
-1.1894084e-02
-1.3257587e-02
-1.2768663e-02
-1.0170476e-02
-7.4467823e-03
-5.9597857e-03
-4.7579599e-03
-1.5952767e-03
3.9959067e-03
9.5037705e-03
1.3222928e-02
1.5173807e-02
1.5476075e-02
1.5294332e-02
1.4335564e-02
1.1167963e-02
7.7937012e-03
6.0873486e-03
5.2969688e-03
4.4818908e-03
3.3205843e-03
1.6858607e-03
-4.7493191e-04
-2.8332331e-03
-5.3314605e-03
-7.3525094e-03
-7.7884539e-03
-6.6745830e-03
-4.9637016e-03
-4.2888962e-03
-5.1986748e-03
-6.2458958e-03
-5.7537589e-03
-3.2874627e-03
-8.4467276e-04
-1.2993192e-04
-1.2033630e-04
-1.7307422e-04
-8.2367236e-04
-1.7761230e-03
-2.1335779e-03
-1.6181815e-03
-7.3269242e-04
5.9853664e-04
2.2439345e-03
3.2380925e-03
3.6330047e-03
4.1625637e-03
4.5984577e-03
4.1804191e-03
3.1985801e-03
2.4593762e-03
1.7346233e-03
1.0186755e-03
3.4047601e-04
-7.7397136e-04
-1.8167474e-03
-2.7529163e-03
-4.3263509e-03
-5.9036902e-03
-5.7979300e-03
-4.4004540e-03
-3.7788745e-03
-4.1147333e-03
-4.2590635e-03
-3.6159637e-03
-2.4783584e-03
-1.6288396e-03
-1.3764680e-03
-1.2922992e-03
-1.6735646e-04
2.7227651e-03
6.0991239e-03
8.3741754e-03
9.9496580e-03
1.1224589e-02
1.1001861e-02
9.1840146e-03
6.6509963e-03
3.8052406e-03
1.0094984e-03
-1.6741298e-03
-4.2823783e-03
-6.5841319e-03
-7.5658165e-03
-6.1209357e-03
-4.3753747e-03
-4.9064683e-03
-5.8293774e-03
-3.8939747e-03
5.1269898e-04
4.0819424e-03
5.4163599e-03
4.6130980e-03
2.0294625e-03
-7.8491538e-04
-2.5342473e-03
-2.5255185e-03
-8.4457322e-04
2.8313746e-04
-4.3347374e-04
-7.3527714e-04
5.4273074e-04
1.9366002e-03
2.0463773e-03
1.8614262e-03
2.9975990e-03
3.9450013e-03
2.9824481e-03
4.2931918e-04
-3.1150754e-03
-6.8048256e-03
-8.8631307e-03
-7.8281682e-03
-3.4508522e-03
1.6058537e-03
3.2968301e-03
1.4089462e-03
-1.5019586e-03
-2.9423536e-03
-2.0782373e-03
-1.2153219e-03
-2.2635415e-03
-3.7938783e-03
-4.7222961e-03
-4.9539543e-03
-4.0276297e-03
-2.8953649e-03
-2.5195765e-03
-1.1941034e-03
2.1760911e-03
5.7239472e-03
8.2472395e-03
9.8703662e-03
1.0997970e-02
1.1339789e-02
9.8249814e-03
6.4937994e-03
2.4300203e-03
-4.7631510e-04
-1.3220022e-03
-1.3402847e-03
-3.5720966e-04
2.1264521e-03
3.6502791e-03
2.3752589e-03
-3.8440291e-04
-2.2919239e-03
-2.4037263e-03
-1.6324110e-03
-1.4410686e-03
-2.1039267e-03
-2.0457043e-03
-6.1220652e-04
4.9982403e-04
1.5369145e-04
-9.6446370e-04
-1.7382930e-03
-2.1090522e-03
-2.7993150e-03
-3.7054361e-03
-4.0540553e-03
-3.8254955e-03
-3.3225012e-03
-1.3997517e-03
1.3959256e-03
2.0638901e-03
3.9758174e-04
-2.0130864e-03
-4.4907097e-03
-6.0191209e-03
-5.9749253e-03
-5.7041883e-03
-6.7979864e-03
-8.6286549e-03
-9.7873989e-03
-9.4068754e-03
-7.4642551e-03
-5.3241630e-03
-3.3290648e-03
-9.6394540e-04
1.5798525e-03
5.2539197e-03
1.0773627e-02
1.7164470e-02
2.3650646e-02
2.8912058e-02
3.1455017e-02
2.9918350e-02
2.1158181e-02
6.9082042e-03
-4.6540105e-03
-1.0644043e-02
-1.3773714e-02
-1.4977074e-02
-1.4474454e-02
-1.3711827e-02
-1.2090514e-02
-8.7258203e-03
-4.6501098e-03
-7.5267842e-04
2.2358507e-03
5.0662704e-03
8.3626140e-03
9.8993340e-03
7.6956068e-03
3.0938954e-03
-2.1279200e-03
-7.8600602e-03
-1.4222637e-02
-1.9886649e-02
-2.2838412e-02
-2.3007778e-02
-1.9904117e-02
-1.1115338e-02
1.4617451e-03
1.2005252e-02
1.7752371e-02
1.9327285e-02
1.9157594e-02
1.8688938e-02
1.6891321e-02
1.2876043e-02
7.4622843e-03
2.4399761e-03
-1.1402049e-03
-3.3456312e-03
-5.2736523e-03
-7.8832591e-03
-1.0675051e-02
-1.2602589e-02
-1.3073286e-02
-1.2171557e-02
-9.7003372e-03
-5.4711985e-03
-6.3692125e-04
3.2660148e-03
5.2732371e-03
4.9870776e-03
1.5058500e-03
-4.9565223e-03
-1.0929428e-02
-1.2296403e-02
-8.3040581e-03
-1.7781352e-03
5.1339549e-03
1.2169448e-02
1.9160982e-02
2.5864302e-02
3.0443605e-02
2.9400496e-02
2.2282017e-02
1.3058914e-02
5.5138629e-03
-5.5498314e-04
-6.7758257e-03
-1.3032955e-02
-1.8197236e-02
-2.1086781e-02
-2.2361988e-02
-2.3804213e-02
-2.4850226e-02
-2.3177132e-02
-1.7871076e-02
-8.0228814e-03
4.3621352e-03
1.3100932e-02
1.6685197e-02
1.7131883e-02
1.5385656e-02
1.1994328e-02
7.7173723e-03
4.3302425e-03
2.9056884e-03
2.0228291e-03
4.8839722e-04
-2.1727873e-04
8.8341487e-04
2.2261201e-03
2.3087985e-03
1.4877272e-03
7.5449762e-04
2.1551883e-05
-1.3601189e-03
-3.2778312e-03
-5.4082950e-03
-7.1492825e-03
-7.8306703e-03
-7.7652394e-03
-7.7696676e-03
-7.7516509e-03
-6.7509838e-03
-4.5810598e-03
-2.0946408e-03
-4.8343037e-04
-9.7036453e-05
4.0726485e-04
2.0386099e-03
3.6315434e-03
3.6655893e-03
2.9090415e-03
3.4290178e-03
4.9096554e-03
5.7438032e-03
6.1378602e-03
6.3951841e-03
6.5953450e-03
6.4746336e-03
4.2081593e-03
-1.9642041e-04
-4.6996122e-03
-8.5532250e-03
-1.0983408e-02
-1.0612109e-02
-6.1439359e-03
2.1231787e-04
4.3012799e-03
7.4489265e-03
1.0526496e-02
1.1289396e-02
9.3369077e-03
6.0201249e-03
3.7176028e-03
2.4084611e-03
-5.5270542e-04
-5.0851104e-03
-7.1373045e-03
-4.5132450e-03
-8.7402655e-04
-6.9934533e-04
-2.3559974e-03
-2.0002360e-03
-9.4156002e-05
6.6668405e-04
5.4350581e-05
5.5405718e-04
2.7992559e-03
4.3882710e-03
3.4302237e-03
7.2868755e-04
-1.8434426e-03
-3.5950384e-03
-5.1189027e-03
-6.4905644e-03
-7.0552524e-03
-7.4494512e-03
-8.7221661e-03
-1.0277222e-02
-1.0556696e-02
-8.3181854e-03
-4.3780221e-03
-1.3667461e-03
5.2919469e-04
2.7856087e-03
4.8594335e-03
5.3005828e-03
3.6129227e-03
4.5521369e-04
-2.6298578e-03
-3.6969816e-03
-2.7200774e-03
-1.4543472e-03
1.2985697e-04
4.1148484e-03
1.2591099e-02
2.2496203e-02
2.6052025e-02
2.1858797e-02
1.4844360e-02
8.0402405e-03
2.6461742e-03
-6.9988086e-04
-2.2317533e-03
-3.0411112e-03
-4.2037918e-03
-5.4095724e-03
-6.2227171e-03
-6.6921577e-03
-6.4207968e-03
-5.9383254e-03
-5.7257038e-03
-4.8220284e-03
-4.4083801e-03
-6.4342210e-03
-9.2962286e-03
-1.0456192e-02
-9.7329488e-03
-8.8983596e-03
-8.9459503e-03
-7.0663374e-03
-1.6356497e-03
3.5655378e-03
6.3066603e-03
7.5881122e-03
7.9348744e-03
7.1162292e-03
5.2887984e-03
4.1185326e-03
4.2161070e-03
4.4385548e-03
3.6952122e-03
1.8204571e-03
2.0075281e-04
-4.0835066e-04
-1.0007028e-03
-2.0915715e-03
-2.8651972e-03
-2.6234435e-03
-1.5894204e-03
-1.7630839e-04
1.4028701e-03
2.7692749e-03
3.6728978e-03
3.9447911e-03
2.9887300e-03
8.2232122e-04
-1.2766716e-03
-2.2762393e-03
-2.1297396e-03
-1.1609958e-03
-1.4552566e-04
1.1558332e-04
-2.0507634e-04
-4.9884419e-04
-7.3495681e-04
-9.0960845e-04
-8.3066289e-04
-7.1589547e-04
-5.9475087e-04
-4.3929053e-04
-5.1975469e-04
-7.6307365e-04
-8.4583457e-04
-6.9630107e-04
-4.6322314e-04
-2.3071055e-04
-1.3899473e-05
