5.1364006e+01
5.1433834e+01
5.1456406e+01
5.1423225e+01
5.1370369e+01
5.1391205e+01
5.1461807e+01
5.1514660e+01
5.1504051e+01
5.1469330e+01
5.1511383e+01
5.1563656e+01
5.1568867e+01
5.1488041e+01
5.1398727e+01
5.1372879e+01
5.1408180e+01
5.1422070e+01
5.1360725e+01
5.1305943e+01
5.1380402e+01
5.1505402e+01
5.1575230e+01
5.1546490e+01
5.1470871e+01
5.2118443e+01
5.2165894e+01
5.2196182e+01
5.2178627e+01
5.2192131e+01
5.2267746e+01
5.2388504e+01
5.2482639e+01
5.2536457e+01
5.2579861e+01
5.2692707e+01
5.2843945e+01
5.2902584e+01
5.2885803e+01
5.2872299e+01
5.2940971e+01
5.3047070e+01
5.3086613e+01
5.3089119e+01
5.3074844e+01
5.3122684e+01
5.3209682e+01
5.3172070e+01
5.3125580e+01
5.3103008e+01
5.2684414e+01
5.2791473e+01
5.2851082e+01
5.2830631e+01
5.2894291e+01
5.3020641e+01
5.3136383e+01
5.3163002e+01
5.3135803e+01
5.3102238e+01
5.3132908e+01
5.3146217e+01
5.3131172e+01
5.3133488e+01
5.3188656e+01
5.3294369e+01
5.3420910e+01
5.3451775e+01
5.3403549e+01
5.3345100e+01
5.3346256e+01
5.3386959e+01
5.3362270e+01
5.3299381e+01
5.3259644e+01
5.3148148e+01
5.3206211e+01
5.3217205e+01
5.3157795e+01
5.3159336e+01
5.3217979e+01
5.3282406e+01
5.3279705e+01
5.3236691e+01
5.3165123e+01
5.3184799e+01
5.3145641e+01
5.3061920e+01
5.2947918e+01
5.2856094e+01
5.2848572e+01
5.2848766e+01
5.2823883e+01
5.2755592e+01
5.2768326e+01
5.2864777e+01
5.2967014e+01
5.2993443e+01
5.2996334e+01
5.3036842e+01
5.3771217e+01
5.3872494e+01
5.3872684e+01
5.3835648e+01
5.3831406e+01
5.3907600e+01
5.3977623e+01
5.4002701e+01
5.3955441e+01
5.3937305e+01
5.4007137e+01
5.4055168e+01
5.4059799e+01
5.4032215e+01
5.4103973e+01
5.4222992e+01
5.4289158e+01
5.4297646e+01
5.4264660e+01
5.4294174e+01
5.4372684e+01
5.4408951e+01
5.4335648e+01
5.4257332e+01
5.4211418e+01
5.4095295e+01
5.4130207e+01
5.4083717e+01
5.4035686e+01
5.4028934e+01
5.4085457e+01
5.4130592e+01
5.4117668e+01
5.4085068e+01
5.4130787e+01
5.4239777e+01
5.4312885e+01
5.4330055e+01
5.4323494e+01
5.4344715e+01
5.4526814e+01
5.4676311e+01
5.4653549e+01
5.4548996e+01
5.4457176e+01
5.4416668e+01
5.4349922e+01
5.4261189e+01
5.4151043e+01
5.4130207e+01
5.3718555e+01
5.3801506e+01
5.3768520e+01
5.3728588e+01
5.3739006e+01
5.3872105e+01
5.4014275e+01
5.4021992e+01
5.4043209e+01
5.4104359e+01
5.4241512e+01
5.4351467e+01
5.4461227e+01
5.4575809e+01
5.4730324e+01
5.4926506e+01
5.5022568e+01
5.4987656e+01
5.4930363e+01
5.4831791e+01
5.4872879e+01
5.4920719e+01
5.4857254e+01
5.4833332e+01
5.4908756e+01
5.4651814e+01
5.4603783e+01
5.4451195e+01
5.4308258e+01
5.4193481e+01
5.4131367e+01
5.4046490e+01
5.3929398e+01
5.3861881e+01
5.3841049e+01
5.3927082e+01
5.4001350e+01
5.3989967e+01
5.3920525e+01
5.3944637e+01
5.4027393e+01
5.4043789e+01
5.4011959e+01
5.3993828e+01
5.4048805e+01
5.4130787e+01
5.4161652e+01
5.4115742e+01
5.4049381e+01
5.4042824e+01
5.4461033e+01
5.4463158e+01
5.4408371e+01
5.4362846e+01
5.4377895e+01
5.4461807e+01
5.4530865e+01
5.4506943e+01
5.4434414e+01
5.4453320e+01
5.4529514e+01
5.4580631e+01
5.4572918e+01
5.4547840e+01
5.4537231e+01
5.4563850e+01
5.4569057e+01
5.4514854e+01
5.4483990e+01
5.4510418e+01
5.4600117e+01
5.4681519e+01
5.4709682e+01
5.4699268e+01
5.4766781e+01
5.4770447e+01
5.4827545e+01
5.4809219e+01
5.4739197e+01
5.4724731e+01
5.4769096e+01
5.4780285e+01
5.4723186e+01
5.4664352e+01
5.4656830e+01
5.4685955e+01
5.4706211e+01
5.4647762e+01
5.4538002e+01
5.4511383e+01
5.4541088e+01
5.4528355e+01
5.4482445e+01
5.4443672e+01
5.4456791e+01
5.4529514e+01
5.4558834e+01
5.4540703e+01
5.4514080e+01
5.4561344e+01
5.4967205e+01
5.5011574e+01
5.4999035e+01
5.4950230e+01
5.4960648e+01
5.5018906e+01
5.5036842e+01
5.4930943e+01
5.4780479e+01
5.4716244e+01
5.4726852e+01
5.4706982e+01
5.4627121e+01
5.4563465e+01
5.4573883e+01
5.4661842e+01
5.4725307e+01
5.4691936e+01
5.4660301e+01
5.4697918e+01
5.4788387e+01
5.4804207e+01
5.4749035e+01
5.4644482e+01
5.4562305e+01
5.4823303e+01
5.4807098e+01
5.4718555e+01
5.4628086e+01
5.4610146e+01
5.4667244e+01
5.4718750e+01
5.4727432e+01
5.4706596e+01
5.4740932e+01
5.4818092e+01
5.4902584e+01
5.4918404e+01
5.4944252e+01
5.4997684e+01
5.5099152e+01
5.5126545e+01
5.5088543e+01
5.5007523e+01
5.4975117e+01
5.4993633e+01
5.4962769e+01
5.4895641e+01
5.4818481e+01
5.4813656e+01
5.4997105e+01
5.5061920e+01
5.5043018e+01
5.4989777e+01
5.4988041e+01
5.5062115e+01
5.5104553e+01
5.5078510e+01
5.5023342e+01
5.5019291e+01
5.5088734e+01
5.5107830e+01
5.5035881e+01
5.4902969e+01
5.4876156e+01
5.4920719e+01
5.4955631e+01
5.4923225e+01
5.4851852e+01
5.4864777e+01
5.4961227e+01
5.5012924e+01
5.4996334e+01
5.4935184e+01
5.4937500e+01
5.4963543e+01
5.5034531e+01
5.5013889e+01
5.4943672e+01
5.4928818e+01
5.4957367e+01
5.4979359e+01
5.4926506e+01
5.4842205e+01
5.4828896e+01
5.4907021e+01
5.4965084e+01
5.4936729e+01
5.4912231e+01
5.4954090e+01
5.5050926e+01
5.5124035e+01
5.5121334e+01
5.5078125e+01
5.5089508e+01
5.5179012e+01
5.5249035e+01
5.5199074e+01
5.5090084e+01
5.5057484e+01
5.4926506e+01
5.4947723e+01
5.4902969e+01
5.4801891e+01
5.4734760e+01
5.4743828e+01
5.4764854e+01
5.4695408e+01
5.4647568e+01
5.4651428e+01
5.4721256e+01
5.4752316e+01
5.4695988e+01
5.4616707e+01
5.4572533e+01
5.4600117e+01
5.4606480e+01
5.4523148e+01
5.4391396e+01
5.4310764e+01
5.4304592e+01
5.4292439e+01
5.4179398e+01
5.4084682e+01
5.4028934e+01
5.4755207e+01
5.4788582e+01
5.4800926e+01
5.4740547e+01
5.4733410e+01
5.4780479e+01
5.4852043e+01
5.4887730e+01
5.4882908e+01
5.4880402e+01
5.4947338e+01
5.5009644e+01
5.5016010e+01
5.4949459e+01
5.4899498e+01
5.4944832e+01
5.4978588e+01
5.4921875e+01
5.4850117e+01
5.4822918e+01
5.4851082e+01
5.4919754e+01
5.4945408e+01
5.4923805e+01
5.4914158e+01
5.4760223e+01
5.4823883e+01
5.4837383e+01
5.4804783e+01
5.4771027e+01
5.4803818e+01
5.4847992e+01
5.4819443e+01
5.4725502e+01
5.4641396e+01
5.4655094e+01
5.4682098e+01
5.4659531e+01
5.4606289e+01
5.4559994e+01
5.4620949e+01
5.4707561e+01
5.4744019e+01
5.4711033e+01
5.4673420e+01
5.4724342e+01
5.4786652e+01
5.4797840e+01
5.4759453e+01
5.4738426e+01
5.4834297e+01
5.4891781e+01
5.4872105e+01
5.4813465e+01
5.4748264e+01
5.4750195e+01
5.4765430e+01
5.4732830e+01
5.4662037e+01
5.4629436e+01
5.4655479e+01
5.4750965e+01
5.4805943e+01
5.4828320e+01
5.4833527e+01
5.4884258e+01
5.4974537e+01
5.4983219e+01
5.4946953e+01
5.4933834e+01
5.4971836e+01
5.5033371e+01
5.5039158e+01
5.4986111e+01
5.4948494e+01
5.5089119e+01
5.5104744e+01
5.5090855e+01
5.5017746e+01
5.4961227e+01
5.5002506e+01
5.5093750e+01
5.5148533e+01
5.5139660e+01
5.5088734e+01
5.5088543e+01
5.5133102e+01
5.5149113e+01
5.5104359e+01
5.5089893e+01
5.5167633e+01
5.5286842e+01
5.5340855e+01
5.5323109e+01
5.5270256e+01
5.5246143e+01
5.5264080e+01
5.5218170e+01
5.5101273e+01
5.5020061e+01
5.4834297e+01
5.4885418e+01
5.4897957e+01
5.4864967e+01
5.4805168e+01
5.4791859e+01
5.4822723e+01
5.4826195e+01
5.4776428e+01
5.4778164e+01
5.4850117e+01
5.4907021e+01
5.4919174e+01
5.4883488e+01
5.4834106e+01
5.4824654e+01
5.4870178e+01
5.4885609e+01
5.4842979e+01
5.4799576e+01
5.4826004e+01
5.4917633e+01
5.4971836e+01
5.4965855e+01
5.4952545e+01
5.5004631e+01
5.5123455e+01
5.5160301e+01
5.5156055e+01
5.5124420e+01
5.5171104e+01
5.5238232e+01
5.5252701e+01
5.5196373e+01
5.5121334e+01
5.5099152e+01
5.5139854e+01
5.5096451e+01
5.5021797e+01
5.4966049e+01
5.4981480e+01
5.5074654e+01
5.5149307e+01
5.5161842e+01
5.5148342e+01
5.5173420e+01
5.5231094e+01
5.5226082e+01
5.5211227e+01
5.5159531e+01
5.5355518e+01
5.5402584e+01
5.5378666e+01
5.5331211e+01
5.5232445e+01
5.5224731e+01
5.5257717e+01
5.5252506e+01
5.5159721e+01
5.5079475e+01
5.5068092e+01
5.5110146e+01
5.5121719e+01
5.5103973e+01
5.5071373e+01
5.5104168e+01
5.5182293e+01
5.5207756e+01
5.5181519e+01
5.5148727e+01
5.5163387e+01
5.5254051e+01
5.5273727e+01
5.5217205e+01
5.5097607e+01
5.4868633e+01
5.4902199e+01
5.4895832e+01
5.4825809e+01
5.4724731e+01
5.4677856e+01
5.4692322e+01
5.4666668e+01
5.4613426e+01
5.4513119e+01
5.4531250e+01
5.4599537e+01
5.4672646e+01
5.4678242e+01
5.4670719e+01
5.4727238e+01
5.4831596e+01
5.4879436e+01
5.4839699e+01
5.4772762e+01
5.4746529e+01
5.4768520e+01
5.4758873e+01
5.4678627e+01
5.4595100e+01
5.4960842e+01
5.4981869e+01
5.5055557e+01
5.5061150e+01
5.5088734e+01
5.5121143e+01
5.5200039e+01
5.5188465e+01
5.5065971e+01
5.4885609e+01
5.4688271e+01
5.4556133e+01
5.4457367e+01
5.4247105e+01
5.3941936e+01
5.3649693e+01
5.3466244e+01
5.3194252e+01
5.2771992e+01
5.2187695e+01
5.1491127e+01
5.0778549e+01
4.9956406e+01
4.9023727e+01
4.8127316e+01
4.9546875e+01
4.9052467e+01
4.8710262e+01
4.8466820e+01
4.8282600e+01
4.8159145e+01
4.8192131e+01
4.8247684e+01
4.8315971e+01
4.8389854e+01
4.8528355e+01
4.8810184e+01
4.9108990e+01
4.9391205e+01
4.9555168e+01
4.9714699e+01
5.0017361e+01
5.0290318e+01
5.0335457e+01
5.0280094e+01
5.0321568e+01
5.0406635e+01
5.0464119e+01
5.0512344e+01
5.0567131e+01
5.0341629e+01
5.0410107e+01
5.0383682e+01
5.0270832e+01
5.0064236e+01
4.9879242e+01
4.9742283e+01
4.9628086e+01
4.9424191e+01
4.9217979e+01
4.9106480e+01
4.9123844e+01
4.9218170e+01
4.9304207e+01
4.9361691e+01
4.9417053e+01
4.9449074e+01
4.9433258e+01
4.9366898e+01
4.9340664e+01
4.9389660e+01
4.9486691e+01
4.9500965e+01
4.9404129e+01
4.9299576e+01
4.8419945e+01
4.8392941e+01
4.8375580e+01
4.8318867e+01
4.8325619e+01
4.8363041e+01
4.8437695e+01
4.8483795e+01
4.8456211e+01
4.8395061e+01
4.8406635e+01
4.8481289e+01
4.8518711e+01
4.8494598e+01
4.8481674e+01
4.8568481e+01
4.8684605e+01
4.8668209e+01
4.8656055e+01
4.8609180e+01
4.8649498e+01
4.8747494e+01
4.8785686e+01
4.8740356e+01
4.8680943e+01
4.8652393e+01
4.8710648e+01
4.8701004e+01
4.8675541e+01
4.8638119e+01
4.8725502e+01
4.8846451e+01
4.8912231e+01
4.8887154e+01
4.8859955e+01
4.8902393e+01
4.8945793e+01
4.8939430e+01
4.8882908e+01
4.8810570e+01
4.8873455e+01
4.8997684e+01
4.9035686e+01
4.8979168e+01
4.8918789e+01
4.8902779e+01
4.8966244e+01
4.9002121e+01
4.9017746e+01
4.9001156e+01
4.9051117e+01
4.9142361e+01
4.9203320e+01
4.9259453e+01
4.9304592e+01
4.9310764e+01
4.9315006e+01
4.9255016e+01
4.9134258e+01
4.9074844e+01
4.9093555e+01
4.9155479e+01
4.9181519e+01
4.9099731e+01
4.9027199e+01
4.9038193e+01
4.9149113e+01
4.9206020e+01
4.9211418e+01
4.9205441e+01
4.9268906e+01
4.9379631e+01
4.9421295e+01
4.9405285e+01
4.9420330e+01
4.9676311e+01
4.9797260e+01
4.9839699e+01
4.9814816e+01
4.9812305e+01
4.9847221e+01
4.9893906e+01
4.9890045e+01
4.9864777e+01
4.9892941e+01
5.0129242e+01
5.0506943e+01
5.0861111e+01
5.1089508e+01
5.1146412e+01
5.1007332e+01
5.0770256e+01
5.0695217e+01
5.0795139e+01
5.0922070e+01
5.1013889e+01
5.0994408e+01
5.0833332e+01
5.0699459e+01
5.0654705e+01
5.0646606e+01
5.0735920e+01
5.0687695e+01
5.0561729e+01
5.0533566e+01
5.0623455e+01
5.0724342e+01
5.0783951e+01
5.0827740e+01
5.0884453e+01
5.0987461e+01
5.1115162e+01
5.1232445e+01
5.1260223e+01
5.1199844e+01
5.1243633e+01
5.1323303e+01
5.1420719e+01
5.1521797e+01
5.1552662e+01
5.1515045e+01
5.1442516e+01
5.1357254e+01
5.1290508e+01
5.1279514e+01
5.1595871e+01
5.1637154e+01
5.1669174e+01
5.1670330e+01
5.1764275e+01
5.1871143e+01
5.1933834e+01
5.1887154e+01
5.1810184e+01
5.1776043e+01
5.1755207e+01
5.1691936e+01
5.1600307e+01
5.1541859e+01
5.1584877e+01
5.1683064e+01
5.1777393e+01
5.1816357e+01
5.1835457e+01
5.1891205e+01
5.1984180e+01
5.2014854e+01
5.1991512e+01
5.1939236e+01
5.1914352e+01
5.1990742e+01
5.2070988e+01
5.2071373e+01
5.2056519e+01
5.2090664e+01
5.2135033e+01
5.2060764e+01
5.1982445e+01
5.1907215e+01
5.1937885e+01
5.2006172e+01
5.2009838e+01
5.1957176e+01
5.1916088e+01
5.1966434e+01
5.2098381e+01
5.2135033e+01
5.2095486e+01
5.2037037e+01
5.2057098e+01
5.2125195e+01
5.2153355e+01
5.2077740e+01
5.1985340e+01
5.1981480e+01
5.3539932e+01
5.3524693e+01
5.3459492e+01
5.3384258e+01
5.3414543e+01
5.3480709e+01
5.3476658e+01
5.3421875e+01
5.3444252e+01
5.3503666e+01
5.3570023e+01
5.3553432e+01
5.3479359e+01
5.3447144e+01
5.3494213e+01
5.3551117e+01
5.3535301e+01
5.3463734e+01
5.3418209e+01
5.3460262e+01
5.3517941e+01
5.3507332e+01
5.3424576e+01
5.3350117e+01
5.3373455e+01
5.3278744e+01
5.3264469e+01
5.3209877e+01
5.3223186e+01
5.3305748e+01
5.3368443e+01
5.3344715e+01
5.3293594e+01
5.3340084e+01
5.3452160e+01
5.3519676e+01
5.3417824e+01
5.3341049e+01
5.3241898e+01
5.3259644e+01
5.3236496e+01
5.3159336e+01
5.3005592e+01
5.3014275e+01
5.3048611e+01
5.3083527e+01
5.3054398e+01
5.3080055e+01
5.3212193e+01
5.3352623e+01
5.1715469e+01
5.1671104e+01
5.1739967e+01
5.1848572e+01
5.1782986e+01
5.1759068e+01
5.1735146e+01
5.1645641e+01
5.1658180e+01
5.1757908e+01
5.1836613e+01
5.1828125e+01
5.1775658e+01
5.1806519e+01
5.1898148e+01
5.1944443e+01
5.1863232e+01
5.1795525e+01
5.1853203e+01
5.1933643e+01
5.1935379e+01
5.1817131e+01
5.1648342e+01
5.1667244e+01
5.1741127e+01
5.1623070e+01
5.1592785e+01
5.1494019e+01
5.1407215e+01
5.1410301e+01
5.1382332e+01
5.1311729e+01
5.1246143e+01
5.1248650e+01
5.1277779e+01
5.1264275e+01
5.1210457e+01
5.1151814e+01
5.1190781e+01
5.1239582e+01
5.1215664e+01
5.1144096e+01
5.1144482e+01
5.1240547e+01
5.1322144e+01
5.1308064e+01
5.1245178e+01
5.1178432e+01
5.1175732e+01
5.1184994e+01
5.1524307e+01
5.1404900e+01
5.1364967e+01
5.1346256e+01
5.1346066e+01
5.1386574e+01
5.1378281e+01
5.1382908e+01
5.1450424e+01
5.1498844e+01
5.1474731e+01
5.1420719e+01
5.1436344e+01
5.1572338e+01
5.1685764e+01
5.1771797e+01
5.1828510e+01
5.1937885e+01
5.2136959e+01
5.2273342e+01
5.2263504e+01
5.2236881e+01
5.2262730e+01
5.2359955e+01
5.2438271e+01
5.3009644e+01
5.2963543e+01
5.2986496e+01
5.3061344e+01
5.3046490e+01
5.2973186e+01
5.2841244e+01
5.2817131e+01
5.2808834e+01
5.2772182e+01
5.2688080e+01
5.2550346e+01
5.2487076e+01
5.2527199e+01
5.2573109e+01
5.2597607e+01
5.2590279e+01
5.2605904e+01
5.2672070e+01
5.2682293e+01
5.2615356e+01
5.2511574e+01
5.2505207e+01
5.2487461e+01
5.2428242e+01
5.1258873e+01
5.1177277e+01
5.1173611e+01
5.1180943e+01
5.1155479e+01
5.1156055e+01
5.1232059e+01
5.1397182e+01
5.1543209e+01
5.1604939e+01
5.1536842e+01
5.1545139e+01
5.1635033e+01
5.1734180e+01
5.1742668e+01
5.1716629e+01
5.1708332e+01
5.1724537e+01
5.1775463e+01
5.1738617e+01
5.1659916e+01
5.1605133e+01
5.1623264e+01
5.1607445e+01
5.1538582e+01
5.1563080e+01
5.1568481e+01
5.1629436e+01
5.1653355e+01
5.1617092e+01
5.1601467e+01
5.1635994e+01
5.1755592e+01
5.1809605e+01
5.1774498e+01
5.1693672e+01
5.1629631e+01
5.1602043e+01
5.1566936e+01
5.1534721e+01
5.1507523e+01
5.1577354e+01
5.1696568e+01
5.1779320e+01
5.1790123e+01
5.1771606e+01
5.1791859e+01
5.1836613e+01
5.1824459e+01
5.1743057e+01
5.1505787e+01
5.1546295e+01
5.1638889e+01
5.1672070e+01
5.1639080e+01
5.1611305e+01
5.1653164e+01
5.1700039e+01
5.1669559e+01
5.1609375e+01
5.1560570e+01
5.1602818e+01
5.1627121e+01
5.1561150e+01
5.1458717e+01
5.1394291e+01
5.1454861e+01
5.1517555e+01
5.1485725e+01
5.1416088e+01
5.1393906e+01
5.1480709e+01
5.1545719e+01
5.1510994e+01
5.1415703e+01
5.1709682e+01
5.1771027e+01
5.1842979e+01
5.1788582e+01
5.1657406e+01
5.1484570e+01
5.1493828e+01
5.1514275e+01
5.1437115e+01
5.1367863e+01
5.1369213e+01
5.1433064e+01
5.1426311e+01
5.1378281e+01
5.1377121e+01
5.1479744e+01
5.1625385e+01
5.1715084e+01
5.1686535e+01
5.1643131e+01
5.1682098e+01
5.1835648e+01
5.1957561e+01
5.1896606e+01
5.1849922e+01
5.1103008e+01
5.1183449e+01
5.1264854e+01
5.1295525e+01
5.1352818e+01
5.1459682e+01
5.1547840e+01
5.1549770e+01
5.1500580e+01
5.1480709e+01
5.1528934e+01
5.1580055e+01
5.1580055e+01
5.1497879e+01
5.1521606e+01
5.1563850e+01
5.1615162e+01
5.1604939e+01
5.1545719e+01
5.1514080e+01
5.1550732e+01
5.1570217e+01
5.1483990e+01
5.1351082e+01
5.1283371e+01
5.1841820e+01
5.1900269e+01
5.2089699e+01
5.2257332e+01
5.2304012e+01
5.2336807e+01
5.2294945e+01
5.2131557e+01
5.2031250e+01
5.2007137e+01
5.2156830e+01
5.2244598e+01
5.2349922e+01
5.2276814e+01
5.2294369e+01
5.2316166e+01
5.2265045e+01
5.2121143e+01
5.1961418e+01
5.1894096e+01
5.1814816e+01
5.1700619e+01
5.1570602e+01
5.1547070e+01
5.1600117e+01
5.2288773e+01
5.2322723e+01
5.2348766e+01
5.2367092e+01
5.2413387e+01
5.2528744e+01
5.2568867e+01
5.2580246e+01
5.2601852e+01
5.2641010e+01
5.2657795e+01
5.2601852e+01
5.2543980e+01
5.2550156e+01
5.2596836e+01
5.2589699e+01
5.2488617e+01
5.2388119e+01
5.2388695e+01
5.2436535e+01
5.2424576e+01
5.2293980e+01
5.2183258e+01
5.2165123e+01
5.2238811e+01
5.2686344e+01
5.2644482e+01
5.2571953e+01
5.2560184e+01
5.2576775e+01
5.2508293e+01
5.2377316e+01
5.2295330e+01
5.2299381e+01
5.2353783e+01
5.2368633e+01
5.2359375e+01
5.2311920e+01
5.2332176e+01
5.2369793e+01
5.2344135e+01
5.2294945e+01
5.2249805e+01
5.2289158e+01
5.2323303e+01
5.2301117e+01
5.2226273e+01
5.2190586e+01
5.2220100e+01
5.2225887e+01
5.2094906e+01
5.1990356e+01
5.1925156e+01
5.1923225e+01
5.1915703e+01
5.1853588e+01
5.1764660e+01
5.1731094e+01
5.1774307e+01
5.1766590e+01
5.1672646e+01
5.1650463e+01
5.1723381e+01
5.1833717e+01
5.1905865e+01
5.1858604e+01
5.1761383e+01
5.1761574e+01
5.1779900e+01
5.1759838e+01
5.1697918e+01
5.1685955e+01
5.1652969e+01
5.1693287e+01
5.1685764e+01
5.1632523e+01
5.1537807e+01
5.1517746e+01
5.1541088e+01
5.1521992e+01
5.1479553e+01
5.1448303e+01
5.1454861e+01
5.1491318e+01
5.1450809e+01
5.1348766e+01
5.1286072e+01
5.1311535e+01
5.1367863e+01
5.1369984e+01
5.1338734e+01
5.1316742e+01
5.1384453e+01
5.1449459e+01
5.1436535e+01
5.1353783e+01
5.1292824e+01
5.1269482e+01
5.1232830e+01
5.1127701e+01
5.0136383e+01
5.0071758e+01
5.0076775e+01
5.0040508e+01
4.9950230e+01
4.9840469e+01
4.9723957e+01
4.9662807e+01
4.9617477e+01
4.9502895e+01
4.9404900e+01
4.9415508e+01
4.9448303e+01
4.9407795e+01
4.9373844e+01
4.9429012e+01
4.9474152e+01
4.9516975e+01
4.9434994e+01
4.9344715e+01
4.9257908e+01
4.9190586e+01
4.9142361e+01
4.9011189e+01
4.8740932e+01
4.9101658e+01
4.9071182e+01
4.9074654e+01
4.9026619e+01
4.8931519e+01
4.8898342e+01
4.8951580e+01
4.9002506e+01
4.8973186e+01
4.8879242e+01
4.8849152e+01
4.8882137e+01
4.8908566e+01
4.8893520e+01
4.8866127e+01
4.8889469e+01
4.8878666e+01
4.8822918e+01
4.8693092e+01
4.8567131e+01
4.8558643e+01
4.8638889e+01
4.8663773e+01
4.8577160e+01
4.8443287e+01
4.8218750e+01
4.8259644e+01
4.8230133e+01
4.8178627e+01
4.8114006e+01
4.8088543e+01
4.8159916e+01
4.8168980e+01
4.8163582e+01
4.8100887e+01
4.8082756e+01
4.8071373e+01
4.7917053e+01
4.7797646e+01
4.7760033e+01
4.7858219e+01
4.7957947e+01
4.8018906e+01
4.8000195e+01
4.8024693e+01
4.8125000e+01
4.8198303e+01
4.8142941e+01
4.8095871e+01
4.8123264e+01
4.8001156e+01
4.8079281e+01
4.8095680e+01
4.8121529e+01
4.8174770e+01
4.8272377e+01
4.8353588e+01
4.8337963e+01
4.8317516e+01
4.8329670e+01
4.8369598e+01
4.8379631e+01
4.8312305e+01
4.8264469e+01
4.8284531e+01
4.8378666e+01
4.8427082e+01
4.8389080e+01
4.8344521e+01
4.8365742e+01
4.8445793e+01
4.8456982e+01
4.8395832e+01
4.8323109e+01
4.8323689e+01
4.8326195e+01
4.8249615e+01
4.8109955e+01
4.8130981e+01
4.8065781e+01
4.7841434e+01
4.7733025e+01
4.7733990e+01
4.7861305e+01
4.8200809e+01
4.8629242e+01
4.9024498e+01
4.9421680e+01
4.9925541e+01
5.0489391e+01
5.1140240e+01
5.1874229e+01
5.2661266e+01
5.3508873e+01
5.4186920e+01
5.4655094e+01
5.5122299e+01
5.5556328e+01
5.5992477e+01
5.6364777e+01
5.1250580e+01
5.1247494e+01
5.1053047e+01
5.0744408e+01
5.0501930e+01
5.0178432e+01
4.9813465e+01
4.9573303e+01
4.9490547e+01
4.9522377e+01
4.9474731e+01
4.9370564e+01
4.9226658e+01
4.9238232e+01
4.9362846e+01
4.9349537e+01
4.9304783e+01
4.9254436e+01
4.9326004e+01
4.9348572e+01
4.9205441e+01
4.8944252e+01
4.8742477e+01
4.8686920e+01
4.8716820e+01
4.8768131e+01
4.8548611e+01
4.8354553e+01
4.8255207e+01
4.8107639e+01
4.7898727e+01
4.7726082e+01
4.7555557e+01
4.7394291e+01
4.7124420e+01
4.6853973e+01
4.6613811e+01
4.6478588e+01
4.6444252e+01
4.6424576e+01
4.6303047e+01
4.6239967e+01
4.6327354e+01
4.6464508e+01
4.6546104e+01
4.6531055e+01
4.6508873e+01
4.6474152e+01
4.6381752e+01
4.6107445e+01
4.6434605e+01
4.6059414e+01
4.5754822e+01
4.5441357e+01
4.5086807e+01
4.4692322e+01
4.4459682e+01
4.4356094e+01
4.4306328e+01
4.4242283e+01
4.4134838e+01
4.4055943e+01
4.4075039e+01
4.4118057e+01
4.4098766e+01
4.3999615e+01
4.3896797e+01
4.3933643e+01
4.3949844e+01
4.3889854e+01
4.3798611e+01
4.3718750e+01
4.3740547e+01
4.3713543e+01
4.3630402e+01
4.3550346e+01
4.3510994e+01
4.3599152e+01
4.3697723e+01
4.3643711e+01
4.3579281e+01
4.3648148e+01
4.3781250e+01
4.3783756e+01
4.3652584e+01
4.3510803e+01
4.3506367e+01
4.3630787e+01
4.3829670e+01
4.4022568e+01
4.4217014e+01
4.4442322e+01
4.4661072e+01
4.4751545e+01
4.4752895e+01
4.4595486e+01
4.4484570e+01
4.4377701e+01
4.4290703e+01
4.4229939e+01
4.4076969e+01
4.4064816e+01
4.4008293e+01
4.4046680e+01
4.3951004e+01
4.3901814e+01
4.3936729e+01
4.3886383e+01
4.3741707e+01
4.3613617e+01
4.3510803e+01
4.3442131e+01
4.3419754e+01
4.3345871e+01
4.3234955e+01
4.3179398e+01
4.3176697e+01
4.3155094e+01
4.3110725e+01
4.3054207e+01
4.3076195e+01
4.3092785e+01
4.3037422e+01
4.2985146e+01
4.2990162e+01
4.3435184e+01
4.3458527e+01
4.3305168e+01
4.3097031e+01
4.3069637e+01
4.3114777e+01
4.3173611e+01
4.3142555e+01
4.2941936e+01
4.2968750e+01
4.3101467e+01
4.3121719e+01
4.3067707e+01
4.3035881e+01
4.3051697e+01
4.3109760e+01
4.3228008e+01
4.3308834e+01
4.3307869e+01
4.3343750e+01
4.3411072e+01
4.3396217e+01
4.3289158e+01
4.3140625e+01
4.3056713e+01
4.2753666e+01
4.2673031e+01
4.2508488e+01
4.2319252e+01
4.2204861e+01
4.2167633e+01
4.2051697e+01
4.1891010e+01
4.1786266e+01
4.1786072e+01
4.1819252e+01
4.1785686e+01
4.1685955e+01
4.1632908e+01
4.1683258e+01
4.1725502e+01
4.1717400e+01
4.1640240e+01
4.1585842e+01
4.1628281e+01
4.1675156e+01
4.1642746e+01
4.1568481e+01
4.1537037e+01
4.1578896e+01
4.1981480e+01
4.2009068e+01
4.1973186e+01
4.1955246e+01
4.1983219e+01
4.2005016e+01
4.1975502e+01
4.1892361e+01
4.1849537e+01
4.1855709e+01
4.1857254e+01
4.1800926e+01
4.1730324e+01
4.1699844e+01
4.1693092e+01
4.1678242e+01
4.1677277e+01
4.1667824e+01
4.1662807e+01
4.1793209e+01
4.1739006e+01
4.1662617e+01
4.1608410e+01
4.1737461e+01
4.1863617e+01
4.1736305e+01
4.1706211e+01
4.1639275e+01
4.1799576e+01
4.1962769e+01
4.2108990e+01
4.2109375e+01
4.2048031e+01
4.2053818e+01
4.2091049e+01
4.2030094e+01
4.1761189e+01
4.1455246e+01
4.1135994e+01
4.1014275e+01
4.0821568e+01
4.0515820e+01
4.0248650e+01
4.0125965e+01
4.0052082e+01
4.0045330e+01
4.0117477e+01
4.0232445e+01
4.0471066e+01
4.0767555e+01
4.1361111e+01
4.1591629e+01
4.1813271e+01
4.1949459e+01
4.2004631e+01
4.1896797e+01
4.1710648e+01
4.1561344e+01
4.1421104e+01
4.1219135e+01
4.0939430e+01
4.0692707e+01
4.0569252e+01
4.0585648e+01
4.0625385e+01
4.0538387e+01
4.0491707e+01
4.0504631e+01
4.0622684e+01
4.0677082e+01
4.0660492e+01
4.0606869e+01
4.0586227e+01
4.0609180e+01
4.0608025e+01
4.0333912e+01
4.0287037e+01
4.0314236e+01
4.0385033e+01
4.0409916e+01
4.0373650e+01
4.0309799e+01
4.0304783e+01
4.0345486e+01
4.0323303e+01
4.0259644e+01
4.0209682e+01
4.0233219e+01
4.0320988e+01
4.0402199e+01
4.0418018e+01
4.0405865e+01
4.0436729e+01
4.0494793e+01
4.0516010e+01
4.0532021e+01
4.0570602e+01
4.0719135e+01
4.0882717e+01
4.0995758e+01
4.1023918e+01
4.1110531e+01
4.1245949e+01
4.1364967e+01
4.1351467e+01
4.1280670e+01
4.1218170e+01
4.1238811e+01
4.1286457e+01
4.1203896e+01
4.1011383e+01
4.0871143e+01
4.0841820e+01
4.0866127e+01
4.0838158e+01
4.0759838e+01
4.0668018e+01
4.0664738e+01
4.0703896e+01
4.0653164e+01
4.0560764e+01
4.0458527e+01
4.0405285e+01
4.0375771e+01
4.0277779e+01
3.9988811e+01
3.9839699e+01
3.9797455e+01
3.9759644e+01
3.9673420e+01
3.9550346e+01
3.9481094e+01
3.9513119e+01
3.9602432e+01
3.9645256e+01
3.9597221e+01
3.9566357e+01
3.9625000e+01
3.9680363e+01
3.9676697e+01
3.9570988e+01
3.9507523e+01
3.9516590e+01
3.9500000e+01
3.9424191e+01
3.9369213e+01
3.9400463e+01
3.9504631e+01
3.9541859e+01
3.9522377e+01
3.9225117e+01
3.9295910e+01
3.9412231e+01
3.9431133e+01
3.9333912e+01
3.9141975e+01
3.9057678e+01
3.9089893e+01
3.9160492e+01
3.9147568e+01
3.9079281e+01
3.9064045e+01
3.9115547e+01
3.9091629e+01
3.9015430e+01
3.8838348e+01
3.8735725e+01
3.8762154e+01
3.8810955e+01
3.8722992e+01
3.8581020e+01
3.8555363e+01
3.8615742e+01
3.8685570e+01
3.8684219e+01
3.9185184e+01
3.9212193e+01
3.9264469e+01
3.9252506e+01
3.9251350e+01
3.9206020e+01
3.9145641e+01
3.9157795e+01
3.9200619e+01
3.9186535e+01
3.9122299e+01
3.9059994e+01
3.9141975e+01
3.9209297e+01
3.9223572e+01
3.9226082e+01
3.9253281e+01
3.9305363e+01
3.9381943e+01
3.9372684e+01
3.9327545e+01
3.9320988e+01
3.9302467e+01
3.9323109e+01
3.9258293e+01
3.8983410e+01
3.8934414e+01
3.8972031e+01
3.8969135e+01
3.8914932e+01
3.8845871e+01
3.8798805e+01
3.8818092e+01
3.8863232e+01
3.8856674e+01
3.8789932e+01
3.8750195e+01
3.8798611e+01
3.8828125e+01
3.8826195e+01
3.8815395e+01
3.8837578e+01
3.8900269e+01
3.8941166e+01
3.8885033e+01
3.8800541e+01
3.8769291e+01
3.8804977e+01
3.8834106e+01
3.8807484e+01
3.8760994e+01
3.8735146e+01
3.8792244e+01
3.8844715e+01
3.8814045e+01
3.8744408e+01
3.8703896e+01
3.8750580e+01
3.8798996e+01
3.8794369e+01
3.8777779e+01
3.8786457e+01
3.8856480e+01
3.8884068e+01
3.8854359e+01
3.8806133e+01
3.8776814e+01
3.8827354e+01
3.8841820e+01
3.8822918e+01
3.8768131e+01
3.8775078e+01
3.8872494e+01
3.8946373e+01
3.8919945e+01
3.8833912e+01
3.8804592e+01
3.8843555e+01
3.8885223e+01
3.8834492e+01
3.8753857e+01
3.8733025e+01
3.8767746e+01
3.8798996e+01
3.8780285e+01
3.8728588e+01
3.8696373e+01
3.8732639e+01
3.8745758e+01
3.8709682e+01
3.8619793e+01
3.8578510e+01
3.8650848e+01
3.8741127e+01
3.8808834e+01
3.8850502e+01
3.8898727e+01
3.9090855e+01
3.9318092e+01
3.9490742e+01
3.8924381e+01
3.9056328e+01
3.9240547e+01
3.9383488e+01
3.9494408e+01
3.9587193e+01
3.9558834e+01
3.9536842e+01
3.9521797e+01
3.9406445e+01
3.9233604e+01
3.9056328e+01
3.8961227e+01
3.8868248e+01
3.8649307e+01
3.8480324e+01
3.8408756e+01
3.8492477e+01
3.8510803e+01
3.8455441e+01
3.8369984e+01
3.8373455e+01
3.8362656e+01
3.8208332e+01
3.8158371e+01
3.8482254e+01
3.8506367e+01
3.8606480e+01
3.8640820e+01
3.8557869e+01
3.8404900e+01
3.8434994e+01
3.8552467e+01
3.8661072e+01
3.8577354e+01
3.8439816e+01
3.8356480e+01
3.8394291e+01
3.8496914e+01
3.8503857e+01
3.8395256e+01
3.8255402e+01
3.8244019e+01
3.8300541e+01
3.8285107e+01
3.8154129e+01
3.8075424e+01
3.8065395e+01
3.8023918e+01
3.7965664e+01
3.8041283e+01
3.8098381e+01
3.8059414e+01
3.8080055e+01
3.8053047e+01
3.8008293e+01
3.7970871e+01
3.8032600e+01
3.8027008e+01
3.7972416e+01
3.7902779e+01
3.7881367e+01
3.7956406e+01
3.8099152e+01
3.8110340e+01
3.8008488e+01
3.7980904e+01
3.8093750e+01
3.8273342e+01
3.8343750e+01
3.8353973e+01
3.8452160e+01
3.8599152e+01
3.8658756e+01
3.8563850e+01
3.8462193e+01
3.8342979e+01
3.8308258e+01
3.8218750e+01
3.7972031e+01
3.7696182e+01
3.7529514e+01
3.7489197e+01
3.7543980e+01
3.7582367e+01
3.7570602e+01
3.7583717e+01
3.7695023e+01
3.7828320e+01
3.7916088e+01
3.7988426e+01
3.8038002e+01
3.8100117e+01
3.8147182e+01
3.8159145e+01
3.8132717e+01
3.8127506e+01
3.8227238e+01
3.8289738e+01
3.8220871e+01
3.7992668e+01
3.7907021e+01
3.7891590e+01
3.7892170e+01
3.7809219e+01
3.7725693e+01
3.7763504e+01
3.7901428e+01
3.7981094e+01
3.7938850e+01
3.7810955e+01
3.7708912e+01
3.7701969e+01
3.7728008e+01
3.7724342e+01
3.7706020e+01
3.7703125e+01
3.7778355e+01
3.7889660e+01
3.7954090e+01
3.7923225e+01
3.7883682e+01
3.7899498e+01
3.7926697e+01
3.7926891e+01
3.8182484e+01
3.8152969e+01
3.8196373e+01
3.8278744e+01
3.8302277e+01
3.8272568e+01
3.8235146e+01
3.8300926e+01
3.8383873e+01
3.8409531e+01
3.8423611e+01
3.8395641e+01
3.8436729e+01
3.8522568e+01
3.8532021e+01
3.8480133e+01
3.8488232e+01
3.8564045e+01
3.8662422e+01
3.8686535e+01
3.8669945e+01
3.8674961e+01
3.8785881e+01
3.8848957e+01
3.8897182e+01
3.8571953e+01
3.8567707e+01
3.8614967e+01
3.8679398e+01
3.8663193e+01
3.8582176e+01
3.8605518e+01
3.8646992e+01
3.8739006e+01
3.8667439e+01
3.8557484e+01
3.8455246e+01
3.8304207e+01
3.8288582e+01
3.8308449e+01
3.8340279e+01
3.8306133e+01
3.8249229e+01
3.8203320e+01
3.8294369e+01
3.8404514e+01
3.8584492e+01
3.8755787e+01
3.8858990e+01
3.8889080e+01
3.8876545e+01
3.8849731e+01
3.8892746e+01
3.8950039e+01
3.8911457e+01
3.8760223e+01
3.8668789e+01
3.8705246e+01
3.8748455e+01
3.8684799e+01
3.8648342e+01
3.8746719e+01
3.8802082e+01
3.8803818e+01
3.8829861e+01
3.8794174e+01
3.8703510e+01
3.8734570e+01
3.8805363e+01
3.8810570e+01
3.8741512e+01
3.8690971e+01
3.8712578e+01
3.8824844e+01
3.8904705e+01
3.9012344e+01
3.9017555e+01
3.9124615e+01
3.9159916e+01
3.9100502e+01
3.9013119e+01
3.8863426e+01
3.8745564e+01
3.8736305e+01
3.8726852e+01
3.8752895e+01
3.8729939e+01
3.8711033e+01
3.8747494e+01
3.8756943e+01
3.8669945e+01
3.8594906e+01
3.8610146e+01
3.8657215e+01
3.8631557e+01
3.8529320e+01
3.8451389e+01
3.8460068e+01
3.8522568e+01
3.8524113e+01
3.9194057e+01
3.9135994e+01
3.9168018e+01
3.9243248e+01
3.9296875e+01
3.9346066e+01
3.9353783e+01
3.9390045e+01
3.9475502e+01
3.9473572e+01
3.9416088e+01
3.9373264e+01
3.9359375e+01
3.9411652e+01
3.9393520e+01
3.9339699e+01
3.9322144e+01
3.9415318e+01
3.9570217e+01
3.9674191e+01
3.9734955e+01
3.9792633e+01
3.9945408e+01
4.0159336e+01
4.0347221e+01
3.9780670e+01
3.9938465e+01
4.0104553e+01
4.0284916e+01
4.0353783e+01
4.0225887e+01
3.9913387e+01
3.9533566e+01
3.9182098e+01
3.8806133e+01
3.8364777e+01
3.7987076e+01
3.7737461e+01
3.7575424e+01
3.7430168e+01
3.7328896e+01
3.7284145e+01
3.7386189e+01
3.7570602e+01
3.7779900e+01
3.7938271e+01
3.8092014e+01
3.8342979e+01
3.8631943e+01
3.8883873e+01
3.9520447e+01
3.9472221e+01
3.9622105e+01
3.9922455e+01
4.0136189e+01
4.0309994e+01
4.0427082e+01
4.0432293e+01
4.0436344e+01
4.0377506e+01
4.0236305e+01
4.0055363e+01
3.9879631e+01
3.9750385e+01
3.9594135e+01
3.9484180e+01
3.9435570e+01
3.9461033e+01
3.9500385e+01
3.9547646e+01
3.9592594e+01
3.9659721e+01
3.9848186e+01
4.0104939e+01
4.0285492e+01
4.0079475e+01
4.0081982e+01
4.0146797e+01
4.0269867e+01
4.0360725e+01
4.0378471e+01
4.0375771e+01
4.0342979e+01
4.0372684e+01
4.0339893e+01
4.0283371e+01
4.0202930e+01
4.0180943e+01
4.0229359e+01
4.0220486e+01
4.0168404e+01
4.0121143e+01
4.0155479e+01
4.0189045e+01
4.0196758e+01
4.0198689e+01
4.0154129e+01
4.0168594e+01
4.0222416e+01
4.0247105e+01
4.0007332e+01
3.9902779e+01
3.9837578e+01
3.9861881e+01
3.9909916e+01
3.9860531e+01
3.9794369e+01
3.9795330e+01
3.9873455e+01
4.0007523e+01
4.0106869e+01
4.0198883e+01
4.0334682e+01
4.0499420e+01
4.0596256e+01
4.0619598e+01
4.0622105e+01
4.0670139e+01
4.0749229e+01
4.0782795e+01
4.0833912e+01
4.0869984e+01
4.0958527e+01
4.1096645e+01
4.1199268e+01
4.0819057e+01
4.0777393e+01
4.0801506e+01
4.0892361e+01
4.0964699e+01
4.0951969e+01
4.0888504e+01
4.0878086e+01
4.0916668e+01
4.0918980e+01
4.0891396e+01
4.0856674e+01
4.0881943e+01
4.0953510e+01
4.0977043e+01
4.0932293e+01
4.0836418e+01
4.0799381e+01
4.0831596e+01
4.0823494e+01
4.0754631e+01
4.0689816e+01
4.0697338e+01
4.0764469e+01
4.0801891e+01
4.1192131e+01
4.1110340e+01
4.1109570e+01
4.1173031e+01
4.1212963e+01
4.1188850e+01
4.1131943e+01
4.1114391e+01
4.1174381e+01
4.1218170e+01
4.1195217e+01
4.1120758e+01
4.1098766e+01
4.1161266e+01
4.1203510e+01
4.1189236e+01
4.1211227e+01
4.1298996e+01
4.1448883e+01
4.1565395e+01
4.1599152e+01
4.1566936e+01
4.1660107e+01
4.1762924e+01
4.1761768e+01
4.1519096e+01
4.1403549e+01
4.1359375e+01
4.1395832e+01
4.1401234e+01
4.1272957e+01
4.1166088e+01
4.1143711e+01
4.1208332e+01
4.1256943e+01
4.1235725e+01
4.1207756e+01
4.1241512e+01
4.1318867e+01
4.1333141e+01
4.1340279e+01
4.1331406e+01
4.1395256e+01
4.1499615e+01
4.1541668e+01
4.1507908e+01
4.1449654e+01
4.1429783e+01
4.1505402e+01
4.1597801e+01
4.1516010e+01
4.1571373e+01
4.1698494e+01
4.1926506e+01
4.2205826e+01
4.2436150e+01
4.2544559e+01
4.2574268e+01
4.2651043e+01
4.2721066e+01
4.2668404e+01
4.2519482e+01
4.2365547e+01
4.2267361e+01
4.2132908e+01
4.1953510e+01
4.1755207e+01
4.1525658e+01
4.1255016e+01
4.0920910e+01
4.0674770e+01
4.0559994e+01
4.0551506e+01
4.0645256e+01
4.0757523e+01
4.1015430e+01
4.1027584e+01
4.1065201e+01
4.1178047e+01
4.1293980e+01
4.1294754e+01
4.1239582e+01
4.1265045e+01
4.1388504e+01
4.1437885e+01
4.1392555e+01
4.1286072e+01
4.1251930e+01
4.1307869e+01
4.1476467e+01
4.1626350e+01
4.1725307e+01
4.1756752e+01
4.1767746e+01
4.1756172e+01
4.1696758e+01
4.1717979e+01
4.1801117e+01
4.1888309e+01
4.1852623e+01
4.1834297e+01
4.1672260e+01
4.1682098e+01
4.1837578e+01
4.1879436e+01
4.1793980e+01
4.1629822e+01
4.1568287e+01
4.1653164e+01
4.1763119e+01
4.1712963e+01
4.1595100e+01
4.1518326e+01
4.1554207e+01
4.1654320e+01
4.1670139e+01
4.1592400e+01
4.1515430e+01
4.1551311e+01
4.1594330e+01
4.1581406e+01
4.1512730e+01
4.1483604e+01
4.1490162e+01
4.1544945e+01
4.1778934e+01
4.1709682e+01
4.1672260e+01
4.1712769e+01
4.1776814e+01
4.1768711e+01
4.1734760e+01
4.1735725e+01
4.1773148e+01
4.1788582e+01
4.1743828e+01
4.1663193e+01
4.1695988e+01
4.1838734e+01
4.1976467e+01
4.1968555e+01
4.1881943e+01
4.1800926e+01
4.1776619e+01
4.1758682e+01
4.1771797e+01
4.1820602e+01
4.1933449e+01
4.2076775e+01
4.2152969e+01
4.2078705e+01
4.1969521e+01
4.1906445e+01
4.1919754e+01
4.1968750e+01
4.1950230e+01
4.1903164e+01
4.1866127e+01
4.1874805e+01
4.1833527e+01
4.1691742e+01
4.1532795e+01
4.1427467e+01
4.1472607e+01
4.1525078e+01
4.1562885e+01
4.1566357e+01
4.1612656e+01
4.1754822e+01
4.1869984e+01
4.1899113e+01
4.1857059e+01
4.1844330e+01
4.1884068e+01
4.1962578e+01
4.2069637e+01
4.2022957e+01
4.2050541e+01
4.2117863e+01
4.2152393e+01
4.2115356e+01
4.2062500e+01
4.2032021e+01
4.2091049e+01
4.2147182e+01
4.2159531e+01
4.2128666e+01
4.2148533e+01
4.2228588e+01
4.2289932e+01
4.2264080e+01
4.2218555e+01
4.2225693e+01
4.2296490e+01
4.2327930e+01
4.2311535e+01
4.2265625e+01
4.2242668e+01
4.2278164e+01
4.2337578e+01
4.2331982e+01
4.2272762e+01
4.2269291e+01
4.2317322e+01
4.2387730e+01
4.2398342e+01
4.2373070e+01
4.2363617e+01
4.2419559e+01
4.2466820e+01
4.2463348e+01
4.2456596e+01
4.2425541e+01
4.2469906e+01
4.2520832e+01
4.2465855e+01
4.2388504e+01
4.2364197e+01
4.2410881e+01
4.2457947e+01
4.2444057e+01
4.2413582e+01
4.2397568e+01
4.2499229e+01
4.2604359e+01
4.2523727e+01
4.2500771e+01
4.2473186e+01
4.2546104e+01
4.2602238e+01
4.2581791e+01
4.2516590e+01
4.2491127e+01
4.2549576e+01
4.2589314e+01
4.2584106e+01
4.2517555e+01
4.2486111e+01
4.2531445e+01
4.2567322e+01
4.2530285e+01
4.2476467e+01
4.2491898e+01
4.2581406e+01
4.2657215e+01
4.2625195e+01
4.2561535e+01
4.2558064e+01
4.2622299e+01
4.2672840e+01
4.2652393e+01
4.2580246e+01
4.2534336e+01
4.2581982e+01
4.2604168e+01
4.2564045e+01
4.2483025e+01
4.2448109e+01
4.2470295e+01
4.2497105e+01
4.2497105e+01
4.2478973e+01
4.2491512e+01
4.2562500e+01
4.2579861e+01
4.2631943e+01
4.2784531e+01
4.2953510e+01
4.3089508e+01
4.3089893e+01
4.2957561e+01
4.2776043e+01
4.2653549e+01
4.2609375e+01
4.2660107e+01
4.2896992e+01
4.2984955e+01
4.3046104e+01
4.3095100e+01
4.3016396e+01
4.3051506e+01
4.3125580e+01
4.3168789e+01
4.3126545e+01
4.3003857e+01
4.2892170e+01
4.2777969e+01
4.2792633e+01
4.2900658e+01
4.2913967e+01
4.2890625e+01
4.2823689e+01
4.2791859e+01
4.2815395e+01
4.2858795e+01
4.2831211e+01
4.2772182e+01
4.2768906e+01
4.2858219e+01
4.2944443e+01
4.2900269e+01
4.2886383e+01
4.2932293e+01
4.3070988e+01
4.3207947e+01
4.3230904e+01
4.3198689e+01
4.3203320e+01
4.3241512e+01
4.3235920e+01
4.3130016e+01
4.2994598e+01
4.2933258e+01
4.2947918e+01
4.2942516e+01
4.2923805e+01
4.2982059e+01
4.3130592e+01
4.3262924e+01
4.3316936e+01
4.3252506e+01
4.3153549e+01
4.3137924e+01
4.3197144e+01
4.3213734e+01
4.3002701e+01
4.2937115e+01
4.2927662e+01
4.3004436e+01
4.3020447e+01
4.2968170e+01
4.2931133e+01
4.3004436e+01
4.3086998e+01
4.3141590e+01
4.3143131e+01
4.3087193e+01
4.3034721e+01
4.3011189e+01
4.2940395e+01
4.2850307e+01
4.2747105e+01
4.2735146e+01
4.2872494e+01
4.3078510e+01
4.3291668e+01
4.3431908e+01
4.3559219e+01
4.3596451e+01
4.3475502e+01
4.4281830e+01
4.4077354e+01
4.4051117e+01
4.4146606e+01
4.4189430e+01
4.4101082e+01
4.3958912e+01
4.3838158e+01
4.3787422e+01
4.3728008e+01
4.3628857e+01
4.3551697e+01
4.3557869e+01
4.3632332e+01
4.3639469e+01
4.3582561e+01
4.3539352e+01
4.3578896e+01
4.3735340e+01
4.3941742e+01
4.4126545e+01
4.4261574e+01
4.4402199e+01
4.4559219e+01
4.4709297e+01
4.2983219e+01
4.3166283e+01
4.3374229e+01
4.3653164e+01
4.3871334e+01
4.4020832e+01
4.4154900e+01
4.4418594e+01
4.4785881e+01
4.5209682e+01
4.5618057e+01
4.5878857e+01
4.6121334e+01
4.6255016e+01
4.6259453e+01
4.6143326e+01
4.5965664e+01
4.5821373e+01
4.5650658e+01
4.5440781e+01
4.5228973e+01
4.5001545e+01
4.4822723e+01
4.4631943e+01
4.4346836e+01
4.3960262e+01
4.3509644e+01
4.2932098e+01
4.2471451e+01
4.2146027e+01
4.1830826e+01
4.1561535e+01
4.1528934e+01
4.1530094e+01
4.1428818e+01
4.1329281e+01
4.1203125e+01
4.1278934e+01
4.1432869e+01
4.1552467e+01
4.1565971e+01
4.1486496e+01
4.1480904e+01
4.1665318e+01
4.1825619e+01
4.1953320e+01
4.2064045e+01
4.2211807e+01
4.2328320e+01
4.2310764e+01
4.3005787e+01
4.2910107e+01
4.2922840e+01
4.2977432e+01
4.3047070e+01
4.3107445e+01
4.3152008e+01
4.3304012e+01
4.3453125e+01
4.3574654e+01
4.3761959e+01
4.3962383e+01
4.4087963e+01
4.4226273e+01
4.4250000e+01
4.4210068e+01
4.4171875e+01
4.4142170e+01
4.4189621e+01
4.4213734e+01
4.4120178e+01
4.4000580e+01
4.3954281e+01
4.3862461e+01
4.3794174e+01
4.3996334e+01
4.3944057e+01
4.3855904e+01
4.3696568e+01
4.3407406e+01
4.3186920e+01
4.3161266e+01
4.3340279e+01
4.3548805e+01
4.3727432e+01
4.3886189e+01
4.4160107e+01
4.4595295e+01
4.4951580e+01
4.5243443e+01
4.5604168e+01
4.5829670e+01
4.6026428e+01
4.6087193e+01
4.6012344e+01
4.5847031e+01
4.5652393e+01
4.5548225e+01
4.5524113e+01
4.5469715e+01
4.4975693e+01
4.5016975e+01
4.5116707e+01
4.5202740e+01
4.5200230e+01
4.5108604e+01
4.5059799e+01
4.5113426e+01
4.5188080e+01
4.5202545e+01
4.5190971e+01
4.5197723e+01
4.5246334e+01
4.5276814e+01
4.5219521e+01
4.5090279e+01
4.4966434e+01
4.4884068e+01
4.4778744e+01
4.4571373e+01
4.4305557e+01
4.4140625e+01
4.4074459e+01
4.4035492e+01
4.3967594e+01
4.3750771e+01
4.3692322e+01
4.3706596e+01
4.3667439e+01
4.3685184e+01
4.3730709e+01
4.3856289e+01
4.4072338e+01
4.4308834e+01
4.4527199e+01
4.4710262e+01
4.4929398e+01
4.5149498e+01
4.5262344e+01
4.5296680e+01
4.5296490e+01
4.5348766e+01
4.5435764e+01
4.5463543e+01
4.5438850e+01
4.5405479e+01
4.5426697e+01
4.5509258e+01
4.5535881e+01
4.5476467e+01
4.6725693e+01
4.6680943e+01
4.6719906e+01
4.6778355e+01
4.6817902e+01
4.6815201e+01
4.6879822e+01
4.6934799e+01
4.6851467e+01
4.6773148e+01
4.6590664e+01
4.6402393e+01
4.6222416e+01
4.6081596e+01
4.5966244e+01
4.5992283e+01
4.6123844e+01
4.6319832e+01
4.6514275e+01
4.6687500e+01
4.6833717e+01
4.6941742e+01
4.6912231e+01
4.6681133e+01
4.6356674e+01
4.5065395e+01
4.4822918e+01
4.4642555e+01
4.4501545e+01
4.4276234e+01
4.4056908e+01
4.4001930e+01
4.4041088e+01
4.4057293e+01
4.4028164e+01
4.3975887e+01
4.4000195e+01
4.4065395e+01
4.4063850e+01
4.3981674e+01
4.3902779e+01
4.3910686e+01
4.3934994e+01
4.3910492e+01
4.3832176e+01
4.3780670e+01
4.3798996e+01
4.3886959e+01
4.3902969e+01
4.3874420e+01
4.3743057e+01
4.3827545e+01
4.3900463e+01
4.3899883e+01
4.3831211e+01
4.3791473e+01
4.3859955e+01
4.3930748e+01
4.3935764e+01
4.3879822e+01
4.3831211e+01
4.3862270e+01
4.3948689e+01
4.3926311e+01
4.3872105e+01
4.3846066e+01
4.3906250e+01
4.3970295e+01
4.3978008e+01
4.3958332e+01
4.3937885e+01
4.3979553e+01
4.4031250e+01
4.4032021e+01
4.4000771e+01
4.4106674e+01
4.4184994e+01
4.4237656e+01
4.4217400e+01
4.4152393e+01
4.4139080e+01
4.4166283e+01
4.4189621e+01
4.4168980e+01
4.4120178e+01
4.4112461e+01
4.4168789e+01
4.4245564e+01
4.4274307e+01
4.4257332e+01
4.4269867e+01
4.4339508e+01
4.4413582e+01
4.4398918e+01
4.4315971e+01
4.4256752e+01
4.4279320e+01
4.4285107e+01
4.4232445e+01
4.4181328e+01
4.4135994e+01
4.4197918e+01
4.4284336e+01
4.4334297e+01
4.4311920e+01
4.4311150e+01
4.4375385e+01
4.4387344e+01
4.4307293e+01
4.4237270e+01
4.4219330e+01
4.4278549e+01
4.4320023e+01
4.4285881e+01
4.4257908e+01
4.4297840e+01
4.4433643e+01
4.4517746e+01
4.4468750e+01
4.4405479e+01
4.4417053e+01
4.4458332e+01
4.4457756e+01
4.4408951e+01
4.4360725e+01
4.4100502e+01
4.4181328e+01
4.4213348e+01
4.4224152e+01
4.4237076e+01
4.4309219e+01
4.4403164e+01
4.4435184e+01
4.4372684e+01
4.4308449e+01
4.4317131e+01
4.4379631e+01
4.4410107e+01
4.4367092e+01
4.4340084e+01
4.4374420e+01
4.4480133e+01
4.4509258e+01
4.4471256e+01
4.4427856e+01
4.4414352e+01
4.4451775e+01
4.4450039e+01
4.4417053e+01
4.4354359e+01
4.4478973e+01
4.4526043e+01
4.4528355e+01
4.4457756e+01
4.4390625e+01
4.4403934e+01
4.4461613e+01
4.4478203e+01
4.4455246e+01
4.4428432e+01
4.4459492e+01
4.4535686e+01
4.4541859e+01
4.4489006e+01
4.4444443e+01
4.4471066e+01
4.4529320e+01
4.4508488e+01
4.4438465e+01
4.4388889e+01
4.4422646e+01
4.4500385e+01
4.4486111e+01
4.4419559e+01
4.4384644e+01
4.4406830e+01
4.4483410e+01
4.4472416e+01
4.4420719e+01
4.4366898e+01
4.4418594e+01
4.4467979e+01
4.4479359e+01
4.4432484e+01
4.4418789e+01
4.4480904e+01
4.4549770e+01
4.4564621e+01
4.4526619e+01
4.4506943e+01
4.4565395e+01
4.4607830e+01
4.4582756e+01
4.4539932e+01
4.4521027e+01
4.4564236e+01
4.4646606e+01
4.4697338e+01
4.4668404e+01
4.4649498e+01
4.4597221e+01
4.4616512e+01
4.4569832e+01
4.4506943e+01
4.4470486e+01
4.4478588e+01
4.4477623e+01
4.4366318e+01
4.4221066e+01
4.4139275e+01
4.4143906e+01
4.4126736e+01
4.4041283e+01
4.3889275e+01
4.3817516e+01
4.3859180e+01
4.3915894e+01
4.3900658e+01
4.3837193e+01
4.3816742e+01
4.3844330e+01
4.3889660e+01
4.3877895e+01
4.3835262e+01
4.3863617e+01
4.4260609e+01
4.4359955e+01
4.4423031e+01
4.4437305e+01
4.4408371e+01
4.4421490e+01
4.4413193e+01
4.4320793e+01
4.4168404e+01
4.4052467e+01
4.3995369e+01
4.3994793e+01
4.3989967e+01
4.4040894e+01
4.4200424e+01
4.4462383e+01
4.4658566e+01
4.4711227e+01
4.4645447e+01
4.4581596e+01
4.4559994e+01
4.4498650e+01
4.4390625e+01
4.4328510e+01
4.4338158e+01
4.4501736e+01
4.4517555e+01
4.4435570e+01
4.4354939e+01
4.4331982e+01
4.4365932e+01
4.4342785e+01
4.4277779e+01
4.4195408e+01
4.4187695e+01
4.4219135e+01
4.4219715e+01
4.4188465e+01
4.4122105e+01
4.4101852e+01
4.4071182e+01
4.4019291e+01
4.3936344e+01
4.3893520e+01
4.3919369e+01
4.3957367e+01
4.3930557e+01
4.3863617e+01
4.3776814e+01
4.3765240e+01
4.3905865e+01
4.3885418e+01
4.3811535e+01
4.3779514e+01
4.3811344e+01
4.3853203e+01
4.3854939e+01
4.3809799e+01
4.3761959e+01
4.3809799e+01
4.3893906e+01
4.3894867e+01
4.3843555e+01
4.3784916e+01
4.3804783e+01
4.3844906e+01
4.3841820e+01
4.3798805e+01
4.3762924e+01
4.3819832e+01
4.3874805e+01
4.3898533e+01
