-4.7405581e-07
7.3215065e-03
1.8444566e-02
2.7963478e-02
1.4622809e-02
1.3942522e-02
1.9096242e-02
4.0603466e-02
3.0240021e-02
1.5802798e-02
2.5107662e-02
2.2074929e-02
1.4395140e-02
1.0374233e-03
-1.1175819e-02
-1.6533703e-02
-1.7182294e-02
-1.1009180e-02
-2.2305439e-02
-3.4260800e-02
-2.4058726e-02
-1.6289179e-02
-1.3995536e-02
-1.9613454e-02
-1.0835879e-02
5.3871760e-02
5.0695583e-02
6.8267820e-02
6.5803623e-02
4.8806309e-02
5.5174819e-02
4.8904627e-02
5.6653009e-02
5.7518532e-02
4.9664050e-02
4.7256785e-02
6.0062408e-02
7.1057081e-02
6.8800669e-02
6.3251445e-02
6.4657569e-02
7.2824515e-02
7.8828842e-02
8.6733132e-02
8.2000929e-02
9.1369864e-02
8.5133320e-02
8.4667652e-02
8.6162008e-02
7.8187746e-02
-5.0055688e-03
-2.9628315e-03
2.1153558e-03
-1.7107705e-02
-1.4921244e-02
-4.8093449e-03
7.1465308e-03
9.7567150e-04
-2.6729535e-03
-1.0585003e-02
-1.5265768e-03
7.8731111e-04
6.3679130e-03
4.9833414e-03
3.5623958e-03
7.8361809e-03
1.7895804e-02
1.6076353e-02
5.3952833e-03
-9.1757815e-03
-2.1729720e-02
-1.2810833e-02
-2.2327092e-02
-3.1529253e-02
-4.2109934e-02
-1.1997218e-03
-1.8719977e-03
7.7877197e-03
-2.8943198e-03
7.0449003e-03
7.8215272e-03
1.6611171e-02
1.8031551e-02
2.2880910e-02
8.5120088e-03
2.0993262e-02
-2.7100967e-03
-1.7256583e-02
-2.1447398e-02
-3.8684306e-02
-3.1978991e-02
-3.7145323e-02
-3.3897611e-02
-3.6391884e-02
-4.5960696e-02
-3.7653227e-02
-2.9422664e-02
-2.2430118e-02
-2.6693035e-02
-2.2906350e-02
6.2248802e-02
5.5582783e-02
7.0871781e-02
7.2572548e-02
7.2101467e-02
7.0450528e-02
5.8135541e-02
6.7475702e-02
5.4623716e-02
5.7379118e-02
4.8521814e-02
6.6885286e-02
8.0733605e-02
5.8694004e-02
5.9855784e-02
7.0078320e-02
8.6355919e-02
8.2997606e-02
8.0979923e-02
9.5533829e-02
9.2490432e-02
1.1379079e-01
9.0785877e-02
9.6840849e-02
7.4736329e-02
-1.5845630e-02
-1.5675863e-02
-2.4648153e-02
-2.6672288e-02
-4.1265432e-02
-2.4522898e-02
-2.2563371e-02
-2.5692781e-02
-3.4624173e-02
-1.9733575e-02
-6.2773706e-03
2.5144416e-03
-6.9739195e-03
-8.4929052e-03
-4.7921776e-03
-1.3276829e-02
-2.0692478e-02
-3.6972561e-02
-5.5041462e-02
-4.6609435e-02
-4.4892660e-02
-4.2572101e-02
-4.3297344e-02
-5.5461283e-02
-4.7067744e-02
1.0829695e-01
1.2044200e-01
1.0898103e-01
1.2091772e-01
1.2955407e-01
1.2330543e-01
1.3586287e-01
1.4752405e-01
1.5275586e-01
1.4551738e-01
1.3963160e-01
1.4402756e-01
1.3928560e-01
1.3583676e-01
1.4330960e-01
1.5573936e-01
1.7706576e-01
1.6319018e-01
1.5430075e-01
1.3967896e-01
1.4489426e-01
1.5729634e-01
1.5792022e-01
1.5763287e-01
1.5620819e-01
3.5495554e-02
3.5566905e-02
1.9575424e-02
3.3555582e-03
-1.4522402e-02
-1.5066546e-02
-2.4421879e-02
-2.2029583e-02
-2.6438762e-03
-1.5840795e-02
-1.0924715e-02
-2.0377373e-03
-5.2503469e-03
-1.1684854e-02
-1.2328292e-02
1.2938517e-02
1.4864362e-02
6.6533852e-03
6.1975485e-03
2.3258652e-02
1.8984574e-02
1.5593743e-02
1.8565955e-03
-7.2372000e-03
-8.8612550e-03
-4.0875099e-02
-3.8593981e-02
-4.4074685e-02
-4.8236225e-02
-4.1012386e-02
-2.8988434e-02
-1.9314872e-02
-1.9828597e-02
-3.0048970e-02
-1.9228705e-02
-1.6028281e-02
-8.6898013e-03
-1.3731005e-02
-9.0497672e-03
-2.3665021e-02
-9.4876581e-03
-9.0358170e-03
-2.5027116e-02
-2.6617927e-02
-3.7242774e-02
-3.3191960e-02
-3.9564231e-02
-3.9610538e-02
-4.4166464e-02
-2.8675347e-02
-3.4969758e-03
5.5255776e-03
2.1092505e-02
2.8014591e-03
8.4502781e-03
1.6745050e-02
2.6820738e-02
1.3937097e-02
1.7615016e-02
1.3583552e-02
5.7863221e-03
1.1009087e-02
-1.5064088e-03
-1.3698480e-02
-6.4488394e-03
-7.7376815e-03
-1.7088624e-02
-1.1893437e-02
-1.4517687e-02
-1.5253086e-03
3.2517788e-03
4.9642459e-04
4.1875169e-03
3.7219708e-03
8.3179977e-03
1.7734192e-02
2.0991757e-02
3.1306749e-02
1.8794752e-02
1.9408548e-02
1.2074238e-02
2.4076432e-02
6.8380921e-03
-1.0243552e-02
-1.4611124e-02
1.1341877e-03
1.1045008e-02
-4.2037755e-03
-1.4674512e-02
-1.1693337e-02
1.9873171e-03
1.5915658e-02
1.2788971e-02
1.5474093e-02
2.4788111e-02
3.1633021e-02
3.5661793e-02
2.9759185e-02
6.3967831e-03
-1.5684971e-03
3.5921459e-02
3.6669379e-02
2.6980240e-02
2.1046906e-02
2.7123008e-02
3.1260112e-02
2.8993857e-02
2.3495518e-02
2.3705301e-02
2.6761108e-02
2.3414403e-02
4.5151674e-02
3.5370490e-02
4.7487259e-02
4.8223555e-02
5.0884334e-02
5.0746589e-02
4.2676535e-02
3.2356820e-02
2.8652863e-02
2.8728708e-02
1.1119322e-02
1.6433514e-02
1.0426297e-02
1.8871898e-02
1.9210288e-02
3.2334127e-02
2.7309579e-02
2.5506467e-02
2.7315639e-02
3.9417701e-02
4.1416367e-02
4.2091820e-02
3.3480488e-02
4.0704393e-02
3.7696664e-02
3.1057105e-02
2.8864971e-02
1.0964818e-02
-1.4895249e-03
4.2257484e-03
1.4868144e-02
1.2844647e-02
1.0955159e-02
1.0835578e-02
9.9699319e-03
1.9570850e-02
3.2705497e-02
2.2205192e-02
2.0539002e-02
4.8261859e-02
5.8904729e-02
5.3906369e-02
5.0315354e-02
5.5133476e-02
5.2452688e-02
5.8935265e-02
4.6741227e-02
2.8736851e-02
2.7647319e-02
4.2898612e-02
4.8464586e-02
3.7246149e-02
4.4248304e-02
4.5250046e-02
5.1142575e-02
6.3834432e-02
6.6865240e-02
6.3720459e-02
6.4358664e-02
8.1266902e-02
8.3177588e-02
8.6856078e-02
7.2374302e-02
6.9666626e-02
4.4127858e-02
5.2523114e-02
4.2743505e-02
3.1208616e-02
1.9504341e-02
2.4518376e-02
3.9941698e-02
3.1889142e-02
1.5806743e-02
2.1758602e-02
4.2042871e-02
3.2248510e-02
3.1879336e-02
3.2795146e-02
2.5797898e-02
3.5559352e-02
4.6162198e-02
3.7062592e-02
2.7478552e-02
1.6077040e-02
7.8728308e-03
1.6326893e-02
-6.0833947e-03
3.8212920e-04
-2.0239596e-03
4.6283412e-02
4.1239629e-02
5.3568378e-02
4.8341340e-02
5.1435581e-02
6.0050340e-02
6.3941956e-02
6.7970819e-02
6.9373361e-02
7.3063946e-02
7.2262797e-02
8.3513721e-02
9.5615867e-02
7.6258366e-02
6.4577989e-02
6.6406161e-02
7.3669140e-02
6.8740983e-02
7.1187654e-02
6.1007409e-02
5.6729886e-02
6.8548389e-02
8.4184385e-02
7.0551960e-02
7.3769373e-02
1.3228502e-02
1.9398638e-02
3.6785898e-02
3.1765341e-02
2.0443038e-02
4.1789726e-02
3.2108328e-02
3.0575234e-02
2.1747053e-02
7.2578121e-03
5.1402345e-03
1.5963084e-03
-5.6599664e-03
-1.2386434e-02
-2.1248966e-02
-7.8465878e-03
6.0357761e-03
8.5478297e-03
7.3901005e-03
2.8685624e-04
9.7877647e-03
1.2937230e-02
2.3828280e-02
1.5663820e-02
1.7480897e-02
2.4839909e-02
4.1943389e-02
3.5812930e-02
2.4049458e-02
3.3966651e-03
6.0324880e-03
6.1496588e-03
-1.9826547e-03
-1.6526624e-02
-2.1866992e-02
-2.3795060e-02
-8.1785309e-03
-1.6885517e-02
-1.3361147e-02
-1.2219368e-02
-7.3086238e-03
1.5146836e-02
6.4841263e-03
-1.9686209e-03
7.8254716e-03
6.3978083e-03
1.6033315e-02
1.1808700e-02
1.7195920e-03
-3.6964128e-03
-2.5689339e-02
-3.2008649e-02
-4.0178997e-02
-4.6430454e-02
-6.0060527e-02
-4.4796249e-02
-3.6545064e-02
-3.8821348e-02
-3.8626503e-02
-4.3131958e-02
-4.2065037e-02
-3.5714884e-02
-2.7889196e-02
-2.7168121e-02
-2.9776926e-02
-1.4699593e-02
-6.3299672e-03
-1.4139670e-03
-4.6577840e-03
-7.1840047e-03
-2.7134654e-02
-1.6753403e-02
-2.4561389e-02
-4.0227901e-02
-5.8035624e-02
-2.5885349e-02
-1.9245827e-02
-1.2935650e-02
-1.8716267e-02
-2.7716822e-02
-2.5564440e-02
-1.4345755e-02
-4.9212305e-03
-1.9562131e-03
1.3026598e-03
3.1792119e-05
4.5208408e-03
1.0744382e-02
-3.9241698e-03
-3.8424508e-03
-8.9324435e-03
-1.6534774e-02
-1.1399149e-02
-1.7029832e-02
-2.4886875e-02
-3.7556623e-02
-6.1221883e-03
-6.8308790e-03
-1.7594833e-02
-2.9603941e-02
-1.5576368e-02
9.2247862e-03
1.1092373e-02
1.9425288e-02
2.7757084e-03
1.2008391e-02
2.3185247e-02
1.4771224e-02
1.0881059e-02
2.4564148e-03
-7.1974090e-03
1.4503731e-03
-1.3534160e-02
-2.9617825e-02
-3.1647892e-02
-2.7095266e-02
-1.7566791e-02
-1.0199588e-02
-1.2676598e-02
-4.0955987e-03
9.8313438e-04
8.4549037e-03
-4.8134442e-03
4.6702595e-03
3.7896786e-03
-2.5819927e-02
-7.5547894e-03
-1.5435280e-02
-8.3092668e-03
-3.3712559e-02
-3.4064798e-02
-3.4258870e-02
-3.2832805e-02
-3.9523683e-02
-3.9095830e-02
-4.9655460e-02
-3.6714906e-02
-3.1123972e-02
-3.9720741e-02
-4.1571194e-02
-3.5057878e-02
-2.6916456e-02
-2.7026197e-02
-1.4001654e-02
-1.2438236e-02
-1.3698414e-02
-1.6726544e-03
-4.7513014e-03
-9.7464407e-03
-1.9901162e-02
1.2807552e-02
1.8995569e-02
1.7157089e-02
8.3997699e-03
-1.0752167e-02
-8.0101533e-03
3.6911347e-03
-6.5123757e-03
-6.2357198e-03
-1.2284524e-02
-1.9797009e-02
-1.3732912e-02
1.1397564e-02
9.5537932e-03
6.0044721e-03
-9.0428549e-04
2.4818779e-02
2.7389769e-02
2.9854929e-02
1.5683016e-02
5.2666558e-03
3.6819943e-03
-3.2961426e-03
-1.8433164e-02
-2.7237246e-02
-1.5881433e-02
-9.0385968e-03
1.3317138e-02
-1.4488399e-03
-4.9089955e-03
-2.6096692e-03
9.0363218e-03
1.5226793e-02
6.8019214e-03
3.5153001e-02
5.7842615e-02
5.6120013e-02
7.5082089e-02
7.3711561e-02
6.2740524e-02
5.4788190e-02
8.0114375e-02
5.8737260e-02
4.8841568e-02
4.0043337e-02
2.3088130e-02
2.9398144e-02
7.4836248e-03
2.3034512e-03
2.9037559e-06
-2.5279088e-01
-2.5109469e-01
-2.5547272e-01
-2.5246221e-01
-2.4973112e-01
-2.6459795e-01
-2.5902402e-01
-2.6719681e-01
-2.6886422e-01
-2.7483274e-01
-2.9583037e-01
-2.9966410e-01
-3.1926721e-01
-3.1884432e-01
-3.4448614e-01
-3.4335879e-01
-3.4600053e-01
-3.4693561e-01
-3.6099127e-01
-3.8646796e-01
-3.7534497e-01
-3.6955016e-01
-3.6439356e-01
-3.5220732e-01
-3.7042002e-01
-2.5120440e-01
-2.4053862e-01
-2.4304644e-01
-2.5597467e-01
-2.6492818e-01
-2.6383120e-01
-2.8111571e-01
-2.8752225e-01
-3.1335976e-01
-3.1527131e-01
-3.2258908e-01
-3.2177518e-01
-3.0282619e-01
-3.1069467e-01
-3.1755979e-01
-3.1067947e-01
-3.1002947e-01
-3.0906920e-01
-3.1720871e-01
-3.1650915e-01
-3.3161943e-01
-3.1628669e-01
-3.1903771e-01
-3.3867295e-01
-3.3231773e-01
-1.4831421e-01
-1.5206325e-01
-1.7601158e-01
-1.7212315e-01
-1.7438974e-01
-1.8139040e-01
-1.7880361e-01
-1.7047894e-01
-1.6897845e-01
-1.8873138e-01
-1.7925067e-01
-1.6656628e-01
-1.5318999e-01
-1.5825883e-01
-1.6066318e-01
-1.4547859e-01
-1.3813256e-01
-1.4746792e-01
-1.4750972e-01
-1.6013310e-01
-1.6453605e-01
-1.5857926e-01
-1.5633221e-01
-1.6467570e-01
-1.7365772e-01
-1.6290569e-01
-1.5470788e-01
-1.6441896e-01
-1.4743037e-01
-1.6394802e-01
-1.5089984e-01
-1.4531648e-01
-1.4049494e-01
-1.4153674e-01
-1.4369164e-01
-1.2975383e-01
-1.2700159e-01
-1.2732826e-01
-1.3108424e-01
-1.5085853e-01
-1.5178771e-01
-1.5039852e-01
-1.5030432e-01
-1.7490932e-01
-1.7047724e-01
-1.5997319e-01
-1.5730944e-01
-1.5354760e-01
-1.5155302e-01
-1.6672202e-01
-1.4888779e-01
-1.3369187e-01
-1.3765271e-01
-1.3416694e-01
-1.4242072e-01
-1.4643081e-01
-1.3829113e-01
-1.4305364e-01
-1.5705364e-01
-1.5621238e-01
-1.5631266e-01
-1.7084392e-01
-1.7745515e-01
-1.9015737e-01
-1.9262154e-01
-1.8652822e-01
-1.7398993e-01
-1.7162650e-01
-1.6594699e-01
-1.7697343e-01
-1.6080501e-01
-1.4271676e-01
-1.3805899e-01
-1.4378855e-01
-1.3705231e-01
-1.5974471e-01
-1.4433803e-01
-1.4849478e-01
-1.6361082e-01
-1.7423514e-01
-1.7464775e-01
-1.5869092e-01
-1.6660778e-01
-1.7242436e-01
-1.8191291e-01
-1.7567141e-01
-1.6267074e-01
-1.6427447e-01
-1.7604756e-01
-1.6877719e-01
-1.4511956e-01
-1.3345393e-01
-1.3584665e-01
-1.3833874e-01
-1.5217880e-01
-1.6338553e-01
-1.4976150e-01
-1.6284549e-01
-1.6863299e-01
-1.7949238e-01
-1.8562316e-01
-1.8512746e-01
-1.9931394e-01
-1.9387276e-01
-2.0625825e-01
-1.9893135e-01
-1.8826643e-01
-1.8761198e-01
-1.8547412e-01
-1.7795013e-01
-1.8430361e-01
-1.8171062e-01
-1.7321627e-01
-1.7193507e-01
-1.5968754e-01
-1.3539955e-01
-1.3964985e-01
-1.4194208e-01
-1.5536783e-01
-1.7460439e-01
-1.7237401e-01
-1.6830756e-01
-1.9219483e-01
-1.9776210e-01
-1.9436835e-01
-2.1782805e-01
-2.1164568e-01
-2.0810700e-01
-2.0641969e-01
-2.0460948e-01
-1.8778304e-01
-1.7205756e-01
-1.8254107e-01
-1.9367051e-01
-1.8989259e-01
-1.9927013e-01
-2.1907620e-01
-2.2128657e-01
-2.3020043e-01
-2.2511029e-01
-2.1645068e-01
-2.1207168e-01
-2.0817236e-01
-2.1839611e-01
-2.0562446e-01
-1.8594684e-01
-1.7798104e-01
-1.8068144e-01
-1.8064290e-01
-1.9137789e-01
-2.2802169e-01
-2.1085535e-01
-2.1320117e-01
-2.1610232e-01
-2.1431002e-01
-2.2112068e-01
-2.2936950e-01
-2.3709780e-01
-2.5158287e-01
-2.4933802e-01
-2.4822262e-01
-2.5366921e-01
-2.4608818e-01
-2.5065047e-01
-2.5781579e-01
-2.3724530e-01
-2.2730268e-01
-2.2868959e-01
-2.4439181e-01
-2.2712799e-01
-2.2131576e-01
-2.0921000e-01
-2.2183823e-01
-2.2807605e-01
-2.3576087e-01
-4.0408363e-01
-4.1043401e-01
-4.1886891e-01
-4.4194492e-01
-4.3606261e-01
-4.1176829e-01
-4.1274565e-01
-4.2927626e-01
-4.3184345e-01
-4.3018705e-01
-4.2243891e-01
-4.1047726e-01
-4.1708847e-01
-4.1115642e-01
-4.0982173e-01
-3.9929567e-01
-3.9464507e-01
-3.9725664e-01
-3.9488361e-01
-3.9635330e-01
-3.9342320e-01
-3.9516928e-01
-4.0886245e-01
-4.1775741e-01
-4.1420930e-01
-4.0283973e-01
-3.9814613e-01
-3.8992586e-01
-3.9964218e-01
-3.8958157e-01
-3.9079259e-01
-3.8982449e-01
-3.9468180e-01
-3.9302737e-01
-3.8922880e-01
-3.7457397e-01
-3.9078417e-01
-3.7752574e-01
-4.0663085e-01
-4.0259707e-01
-4.0837334e-01
-4.1565361e-01
-4.4757089e-01
-4.3264615e-01
-4.4018133e-01
-4.3199128e-01
-4.2371559e-01
-4.4017481e-01
-4.5270797e-01
-4.4692717e-01
-2.3016525e-01
-2.2970471e-01
-2.4350460e-01
-2.2656236e-01
-1.9773891e-01
-1.8392411e-01
-1.9175882e-01
-1.9461158e-01
-2.0408321e-01
-2.1300467e-01
-2.2443401e-01
-2.2431078e-01
-2.3322569e-01
-2.2250910e-01
-2.1818284e-01
-1.9007121e-01
-1.8949958e-01
-2.0051023e-01
-1.9093859e-01
-1.8423134e-01
-1.7761091e-01
-1.9022894e-01
-1.8699359e-01
-1.8545797e-01
-1.7127145e-01
-1.3472069e-01
-1.3512075e-01
-1.3287832e-01
-1.3605813e-01
-1.4112385e-01
-1.4959270e-01
-1.4948879e-01
-1.6014909e-01
-1.6409722e-01
-1.6388767e-01
-1.5541038e-01
-1.5768901e-01
-1.7658651e-01
-1.5950740e-01
-1.5008756e-01
-1.5369684e-01
-1.5324931e-01
-1.6026197e-01
-1.4448694e-01
-1.3744588e-01
-1.3257923e-01
-1.5121318e-01
-1.5334388e-01
-1.6412769e-01
-1.5885427e-01
-2.2700393e-01
-2.4289813e-01
-2.4709959e-01
-2.3588174e-01
-2.4200759e-01
-2.2877561e-01
-2.3593058e-01
-2.2431514e-01
-2.0743360e-01
-1.8552314e-01
-1.8179786e-01
-1.9255958e-01
-1.8863109e-01
-1.6608504e-01
-1.5267683e-01
-1.5498734e-01
-1.6586706e-01
-1.8017223e-01
-1.7086266e-01
-1.7367299e-01
-1.8718005e-01
-1.8900919e-01
-2.0084401e-01
-1.8082892e-01
-1.7966319e-01
-2.8030063e-01
-2.8784552e-01
-2.8950964e-01
-2.8421542e-01
-2.8356754e-01
-2.8335420e-01
-2.9044563e-01
-2.8026147e-01
-2.8023817e-01
-2.8781818e-01
-2.9404791e-01
-2.9282485e-01
-2.9638270e-01
-2.7887177e-01
-2.7224755e-01
-2.7599419e-01
-2.8796838e-01
-2.7356914e-01
-2.6984275e-01
-2.6675465e-01
-2.7752520e-01
-2.8281127e-01
-2.7667311e-01
-2.6720635e-01
-2.6121346e-01
-1.1106993e-01
-1.1549066e-01
-1.1121989e-01
-9.7191271e-02
-9.4495219e-02
-1.0343579e-01
-9.6826244e-02
-7.3901374e-02
-7.6503804e-02
-5.8315336e-02
-6.4951880e-02
-8.1808331e-02
-7.2945982e-02
-6.1485198e-02
-5.6889954e-02
-6.1464659e-02
-4.8024446e-02
-5.7425671e-02
-4.5368206e-02
-5.2035551e-02
-5.7711646e-02
-7.2552355e-02
-6.1551233e-02
-6.9992979e-02
-8.9501735e-02
-6.1873198e-02
-5.9029844e-02
-6.4745397e-02
-7.5400753e-02
-7.0514478e-02
-7.8645373e-02
-6.8304421e-02
-5.7535508e-02
-7.0773214e-02
-7.0754366e-02
-6.8764874e-02
-7.4027524e-02
-6.0684323e-02
-5.4502924e-02
-5.7135726e-02
-6.2720259e-02
-6.7902195e-02
-7.6016344e-02
-7.3099695e-02
-6.4474908e-02
-7.0913310e-02
-6.6777803e-02
-6.0217841e-02
-4.2369961e-02
-5.0997934e-02
-7.7172157e-02
-7.6873376e-02
-7.5744527e-02
-7.2045698e-02
-7.8474356e-02
-8.6986109e-02
-6.6313569e-02
-5.6335354e-02
-5.7634381e-02
-6.2665047e-02
-5.3289385e-02
-5.5655129e-02
-4.9308928e-02
-5.3534843e-02
-6.7072488e-02
-7.5904801e-02
-7.1249087e-02
-6.6745714e-02
-6.5318989e-02
-6.9118901e-02
-6.4553841e-02
-6.1757915e-02
-5.9735428e-02
-5.6144746e-02
-7.3923578e-02
-9.5886487e-02
-1.0841762e-01
-8.4859877e-02
-9.0827575e-02
-8.7669647e-02
-9.8701371e-02
-9.7129467e-02
-1.0929675e-01
-1.4572341e-01
-1.7529834e-01
-1.7748486e-01
-1.8132852e-01
-1.7735087e-01
-1.8736838e-01
-1.8793015e-01
-1.9062854e-01
-1.7571083e-01
-1.6687365e-01
-1.6770694e-01
-1.6167539e-01
-1.5052141e-01
-1.3009298e-01
-1.1590688e-01
-1.3114704e-01
-1.3795686e-01
-4.9895882e-02
-5.4545779e-02
-6.4819285e-02
-7.2402722e-02
-6.9811633e-02
-6.8301247e-02
-5.8692908e-02
-5.6701459e-02
-5.5048178e-02
-6.9326316e-02
-6.7021408e-02
-6.0245814e-02
-6.1944579e-02
-6.0429782e-02
-6.2624461e-02
-6.4169776e-02
-5.1550403e-02
-4.7056340e-02
-4.9482383e-02
-5.6375388e-02
-6.4495279e-02
-6.9827846e-02
-8.0118222e-02
-8.9910586e-02
-8.8317444e-02
-1.6526185e-01
-1.8329603e-01
-1.9801172e-01
-1.8803752e-01
-1.9292236e-01
-1.7163801e-01
-1.7452964e-01
-1.6782766e-01
-1.7016678e-01
-1.5868930e-01
-1.3009153e-01
-1.3164862e-01
-1.6837394e-01
-2.1300029e-01
-2.0873793e-01
-2.0258559e-01
-2.0324339e-01
-2.0397209e-01
-2.0824034e-01
-1.9850124e-01
-1.9418774e-01
-1.9050451e-01
-2.0316505e-01
-2.0956831e-01
-1.9422574e-01
-2.3709554e-01
-2.3069753e-01
-2.2516386e-01
-2.1284008e-01
-2.1077674e-01
-1.8931767e-01
-1.8704223e-01
-2.0023867e-01
-1.9785542e-01
-1.9861427e-01
-2.0179837e-01
-2.0698587e-01
-2.1144267e-01
-2.2068605e-01
-2.1468055e-01
-2.0237525e-01
-2.1253760e-01
-2.2046008e-01
-2.1178029e-01
-2.1112571e-01
-1.9997491e-01
-2.1980956e-01
-2.1375288e-01
-2.1761271e-01
-2.0956440e-01
-2.9252444e-01
-2.9933839e-01
-3.1110313e-01
-3.0979581e-01
-3.1552617e-01
-3.3345342e-01
-3.4150203e-01
-3.5129209e-01
-3.4224658e-01
-3.4278449e-01
-3.4957515e-01
-3.3975433e-01
-3.4483838e-01
-3.3710052e-01
-3.2791577e-01
-3.2462692e-01
-3.1918536e-01
-3.1956253e-01
-3.0679342e-01
-3.0667059e-01
-3.0341238e-01
-3.1438618e-01
-3.2193114e-01
-3.3050398e-01
-3.2282941e-01
-3.3587694e-01
-3.2483470e-01
-3.3607803e-01
-3.2621700e-01
-3.1126740e-01
-3.1189006e-01
-3.0688215e-01
-3.1707777e-01
-2.9526427e-01
-2.6743581e-01
-2.6994083e-01
-2.5155136e-01
-2.4272375e-01
-2.3795143e-01
-2.2579547e-01
-2.3388853e-01
-2.4813122e-01
-2.3212117e-01
-2.4057511e-01
-2.4324774e-01
-2.4741185e-01
-2.3462702e-01
-2.3306641e-01
-2.1634161e-01
-2.1965867e-01
-2.2431986e-01
-2.2206512e-01
-2.1810204e-01
-1.9827112e-01
-1.9607180e-01
-2.0070712e-01
-1.9846503e-01
-2.0335128e-01
-1.8659215e-01
-1.9888429e-01
-2.1246887e-01
-2.1712480e-01
-2.3481699e-01
-2.2707944e-01
-2.2341037e-01
-2.2952027e-01
-2.3249249e-01
-2.2410593e-01
-2.2253312e-01
-2.2261094e-01
-2.2623795e-01
-2.2960191e-01
-2.1902984e-01
-2.2041547e-01
-2.2147934e-01
-6.1212245e-02
-6.4892596e-02
-6.9775335e-02
-6.7481561e-02
-8.3099256e-02
-9.6146548e-02
-1.0519373e-01
-1.0510206e-01
-1.1685374e-01
-1.4749204e-01
-1.5862569e-01
-1.5372875e-01
-1.3226456e-01
-1.2696459e-01
-1.2495902e-01
-1.2568320e-01
-1.1690443e-01
-9.9982865e-02
-1.0136382e-01
-1.0139123e-01
-1.0006709e-01
-1.0632544e-01
-9.2517238e-02
-1.0573597e-01
-1.1407391e-01
-2.0608204e-01
-2.0019373e-01
-2.0379568e-01
-2.0407790e-01
-2.1368251e-01
-2.1611053e-01
-2.1450351e-01
-2.0524276e-01
-2.0173705e-01
-2.0278263e-01
-2.0000602e-01
-1.9458095e-01
-1.7603428e-01
-1.8621654e-01
-1.8260538e-01
-1.8903531e-01
-1.7123478e-01
-1.7193523e-01
-1.8498820e-01
-1.9833254e-01
-2.0375773e-01
-1.9203565e-01
-1.9052926e-01
-1.9182819e-01
-1.9842721e-01
-1.5244853e-01
-1.5217434e-01
-1.5034753e-01
-1.5060166e-01
-1.5666364e-01
-1.4709945e-01
-1.3874968e-01
-1.2386817e-01
-1.1942291e-01
-1.1910000e-01
-1.2442007e-01
-1.1855271e-01
-1.3487959e-01
-1.3984699e-01
-1.4479177e-01
-1.3132782e-01
-1.3497226e-01
-1.2576314e-01
-1.2967720e-01
-1.3130807e-01
-1.2153000e-01
-1.1146464e-01
-1.2421415e-01
-1.2550609e-01
-1.1914754e-01
-7.1885959e-02
-6.1306145e-02
-6.6829135e-02
-6.0822008e-02
-5.1845862e-02
-4.9376351e-02
-3.6092453e-02
-4.7610164e-02
-4.8687746e-02
-5.9795368e-02
-5.8637418e-02
-5.6172380e-02
-7.2718265e-02
-6.1266417e-02
-6.3507765e-02
-5.3219045e-02
-4.2714560e-02
-5.2976605e-02
-5.0855115e-02
-4.6160866e-02
-3.4791608e-02
-2.8818388e-02
-2.8480921e-02
-3.8809099e-02
-2.3737468e-02
-7.4109973e-02
-8.5841396e-02
-1.1032710e-01
-1.1295968e-01
-1.3977365e-01
-1.2921508e-01
-1.1704022e-01
-9.4027202e-02
-8.2694326e-02
-5.3589231e-02
-2.0358963e-02
1.6639720e-02
5.0927981e-02
1.0011257e-01
1.4471360e-01
1.8479146e-01
2.2421213e-01
2.6526979e-01
3.0310173e-01
3.4393333e-01
4.0283357e-01
4.0731860e-01
3.9876011e-01
3.8943430e-01
4.0777150e-01
3.9740953e-02
4.9784088e-02
1.2676766e-02
1.0596125e-02
1.8680203e-03
3.9604701e-03
-3.0277555e-02
-4.6516463e-02
-5.0892823e-02
-2.8082785e-02
-2.4832550e-02
-4.1035554e-02
-5.8058835e-02
-5.9341678e-02
-6.1211758e-02
-6.9662940e-02
-6.7578119e-02
-6.4997824e-02
-5.1071061e-02
-4.8248190e-02
-5.6982686e-02
-7.3292294e-02
-7.2291398e-02
-6.8140700e-02
-6.9146008e-02
7.6276920e-02
5.9482197e-02
4.1698807e-02
4.7903730e-02
4.2518904e-02
3.9739280e-02
3.5314600e-02
2.7446939e-02
3.7584106e-02
3.5664407e-02
2.0077327e-02
-1.1684068e-02
-1.1510268e-02
6.1880875e-03
-1.2961390e-04
-5.3067174e-03
6.2916925e-03
7.7696261e-03
2.1452353e-02
4.4028259e-02
4.9934084e-02
5.2489218e-02
5.6407101e-02
5.8820188e-02
4.6061326e-02
2.7029477e-02
3.4009919e-03
4.4871277e-03
8.6714215e-03
-3.1262242e-03
-3.1015387e-02
-3.3259744e-02
-2.5629778e-02
-1.6725169e-02
-1.5844029e-02
-2.5344833e-02
-2.6803685e-02
-3.3315223e-02
-3.4613011e-02
-3.9215290e-02
-4.9125752e-02
-4.7839356e-02
-3.7067047e-02
-2.8400909e-02
-2.9427679e-02
-3.7131683e-02
-3.1778492e-02
-2.7559264e-02
-2.6713652e-02
-2.4789495e-02
2.1650152e-02
1.2308377e-02
1.5805007e-02
7.2207924e-03
2.2270081e-03
8.7775152e-04
1.5730676e-02
2.7466480e-02
3.6652682e-02
5.2925692e-02
4.2901713e-02
5.2562445e-02
6.3946638e-02
5.0559891e-02
5.4842139e-02
6.5990688e-02
7.1604311e-02
7.5452312e-02
6.2155359e-02
2.1523487e-02
7.5893455e-03
1.4991252e-02
1.0468335e-02
1.9592200e-02
1.0466613e-02
-1.9254379e-02
-9.2740630e-03
3.6697090e-03
4.7871861e-02
3.4697960e-02
2.2572098e-02
1.6401470e-02
1.0444069e-03
-2.2714606e-02
-3.8034199e-02
-4.8106756e-02
-4.8574019e-02
-3.8846007e-02
-4.5482674e-02
-4.6401926e-02
-3.7738402e-02
-3.4070571e-02
-2.8844425e-02
-2.7882795e-02
-2.9161716e-02
-2.5543345e-02
-4.3076076e-03
-1.3271543e-02
-1.5732977e-02
-2.5830205e-02
-6.7319742e-02
-6.3994875e-02
-5.9542459e-02
-6.0548423e-02
-7.6299696e-02
-7.9354994e-02
-7.2023932e-02
-6.3001247e-02
-5.9064381e-02
-4.9680518e-02
-5.6716790e-02
-7.8512303e-02
-7.3798363e-02
-7.3664465e-02
-7.5899058e-02
-5.5099138e-02
-2.8915072e-02
-4.0352803e-02
-4.3397252e-02
-4.6362082e-02
-3.0612242e-02
-2.3951427e-02
-2.9958810e-02
-3.9182960e-02
-4.3388883e-02
-6.0009717e-03
-1.3794795e-03
-1.5498804e-02
-2.0108698e-02
-2.2014901e-02
-5.6944392e-03
-2.4398126e-02
-2.8520906e-02
-3.6473176e-02
-3.2989083e-02
-2.9988258e-02
-1.7448918e-02
-2.8561504e-02
-2.6888388e-02
-1.7135790e-02
-1.5384733e-02
-8.1837773e-03
-1.4870645e-02
-2.1152202e-02
-1.8770522e-02
-1.8215725e-02
-2.7440838e-02
-3.6460365e-02
-2.9019377e-02
-3.4096488e-02
-1.9631916e-02
-2.5144430e-02
-2.5446296e-02
-3.5566252e-02
-1.7291580e-02
-1.0153401e-02
-4.8254435e-03
-7.5987574e-03
-3.3589218e-03
-2.8073258e-03
-7.1677263e-04
-5.2983138e-03
-1.9952246e-02
-8.1141136e-03
-6.1577969e-03
-1.6925606e-02
-2.1968583e-02
-2.1824571e-02
-1.5933481e-02
5.5189002e-03
1.1039969e-02
2.4558155e-02
2.0314109e-02
1.0579568e-02
1.3779927e-02
4.1056830e-02
4.0832303e-02
5.2360164e-02
8.6740510e-02
8.6332587e-02
6.6446053e-02
4.9263442e-02
3.7030571e-02
4.4218894e-02
5.1664957e-02
5.7037518e-02
3.7734529e-02
3.4088039e-02
3.0393214e-02
4.9625114e-02
5.3284815e-02
3.2476977e-02
3.3714061e-02
3.8302741e-02
4.6838953e-02
5.1980555e-02
3.8259013e-02
4.7814026e-02
6.4174628e-02
6.7138341e-02
2.3445290e-03
7.5651543e-03
-9.6570015e-03
1.3082132e-02
5.9479937e-03
-2.1657359e-03
-1.2354096e-02
-1.6858002e-02
-2.3024643e-02
-2.5473702e-02
-3.0969915e-02
-3.4537389e-02
-4.1217723e-02
-2.9865041e-02
-2.0831101e-02
-2.8489602e-02
-2.7879707e-02
-3.2795086e-02
-1.4306065e-02
-1.8968788e-02
-2.7168199e-02
-3.1302550e-02
-3.3096215e-02
-3.2217924e-02
-2.5443942e-02
3.5219418e-02
2.4351429e-02
3.3902588e-02
5.2769975e-02
5.4261819e-02
5.6326767e-02
5.1143474e-02
5.0946339e-02
5.6681600e-02
5.5150892e-02
4.8080381e-02
5.1962315e-02
4.4123589e-02
4.1222800e-02
4.8382090e-02
3.5627515e-02
3.1061870e-02
3.3169042e-02
4.1859229e-02
4.4469966e-02
2.8367181e-02
2.7042573e-02
2.8000871e-02
4.3749149e-02
4.9526213e-02
3.4055417e-02
4.4519576e-02
4.0135945e-02
5.6728487e-02
5.8232150e-02
5.7667905e-02
3.9985419e-02
3.1413899e-02
3.7461152e-02
3.1607716e-02
1.5124794e-02
1.8663641e-02
3.2496883e-02
4.5427430e-02
4.1482427e-02
4.8799635e-02
5.8191011e-02
5.7150738e-02
7.7711060e-02
8.3862297e-02
8.1684793e-02
7.3490699e-02
7.9099372e-02
8.5650469e-02
9.1564383e-02
1.2679388e-01
1.1021287e-01
1.1583330e-01
1.1842773e-01
1.1833022e-01
1.1078080e-01
1.1085426e-01
1.1020890e-01
1.3306177e-01
1.3342404e-01
1.2006343e-01
1.2068562e-01
1.3454267e-01
1.3263128e-01
1.4074934e-01
1.0353804e-01
1.0599529e-01
1.1001169e-01
1.0765448e-01
9.8251939e-02
7.6901969e-02
8.5336006e-02
8.9119656e-02
9.1864009e-02
8.2713883e-02
1.1551536e-01
1.1466297e-01
1.2887488e-01
1.2000023e-01
1.3192116e-01
1.1682207e-01
1.0133892e-01
1.2071886e-01
1.3437752e-01
1.3190605e-01
1.3000438e-01
1.2253725e-01
1.2498014e-01
1.2318759e-01
1.2607879e-01
1.0014194e-01
9.6626665e-02
8.9131128e-02
1.1312525e-01
1.0632501e-01
1.0984949e-01
1.0498841e-01
1.2151649e-01
1.3296801e-01
1.3385563e-01
6.4030900e-02
6.9582743e-02
8.0790151e-02
7.8264485e-02
7.5129439e-02
6.1974907e-02
6.4253117e-02
5.4602337e-02
6.9463442e-02
8.5885066e-02
1.1219059e-01
1.0477820e-01
9.6850274e-02
9.4081442e-02
8.7420063e-02
8.9058399e-02
9.1467808e-02
8.5071508e-02
9.8575383e-02
9.8043781e-02
8.6412829e-02
9.4238431e-02
9.1535273e-02
8.7452769e-02
8.0906907e-02
6.8835077e-02
5.4815122e-02
6.2587227e-02
6.2748218e-02
6.1668361e-02
6.0453840e-02
5.4845331e-02
5.5950134e-02
5.6696578e-02
6.4659604e-02
6.6379091e-02
5.6221236e-02
7.6700005e-02
8.1618229e-02
9.0771640e-02
8.3196748e-02
8.0153133e-02
9.0775827e-02
9.5021142e-02
8.0460211e-02
7.5189083e-02
7.5838405e-02
8.0666162e-02
7.8540819e-02
7.7561179e-02
7.6652154e-02
7.1096073e-02
7.0893005e-02
8.2527905e-02
8.6030018e-02
8.7089715e-02
7.6398319e-02
9.1071317e-02
9.2940829e-02
1.0064076e-01
9.8319468e-02
8.7720644e-02
1.0482160e-01
1.1076354e-01
8.8245044e-02
9.1000620e-02
7.5346611e-02
8.5964764e-02
8.5704259e-02
8.6730830e-02
7.4538204e-02
7.3047839e-02
8.6857957e-02
9.0493871e-02
9.4848478e-02
8.0875354e-02
8.5891255e-02
9.3434498e-02
1.0648572e-01
1.0420040e-01
9.3986351e-02
9.6851963e-02
1.1531013e-01
1.1532514e-01
1.1036883e-01
1.1507576e-01
1.0440305e-01
1.0533180e-01
1.1594380e-01
1.1045294e-01
9.7645751e-02
9.9054558e-02
1.0615175e-01
1.0759813e-01
1.1457364e-01
1.0475321e-01
1.0912198e-01
1.0588802e-01
1.1605523e-01
1.1327633e-01
1.8698108e-01
1.9412540e-01
2.1086761e-01
2.1869978e-01
2.2139706e-01
2.1885316e-01
2.2204907e-01
2.1688047e-01
2.1201937e-01
2.0047698e-01
1.8916010e-01
1.7558974e-01
1.7707467e-01
1.8660094e-01
1.6467737e-01
1.6781103e-01
1.6931758e-01
1.7256019e-01
1.8519214e-01
1.9415321e-01
1.7649503e-01
1.7171251e-01
1.7553617e-01
1.7710472e-01
1.9254585e-01
1.2143413e-01
9.1758395e-02
9.1794765e-02
9.4797065e-02
1.0198070e-01
1.0209161e-01
1.1500502e-01
1.1508390e-01
1.1948645e-01
1.2328465e-01
1.2665284e-01
1.2352109e-01
1.1678176e-01
1.1758366e-01
1.2432598e-01
1.3636953e-01
1.4065769e-01
1.4094271e-01
1.3014967e-01
1.1848304e-01
1.0891977e-01
8.6765688e-02
8.0387893e-02
9.2791373e-02
1.0902757e-01
9.1423774e-02
6.3556309e-02
5.8415979e-02
7.0676482e-02
7.8282037e-02
8.3503893e-02
6.8700027e-02
8.5416300e-02
9.1944920e-02
7.8384343e-02
8.0551040e-02
9.0157752e-02
7.5866376e-02
9.3016967e-02
7.1291838e-02
7.0729101e-02
7.5318202e-02
7.9641601e-02
8.0809034e-02
7.6401939e-02
6.8368561e-02
7.1862457e-02
7.1766476e-02
8.1177816e-02
7.9980420e-02
5.0614875e-02
4.5238784e-02
5.2536253e-02
5.6896689e-02
4.5830663e-02
3.0214363e-02
3.2977444e-02
2.7057180e-02
1.9140431e-02
2.0724543e-02
2.1463022e-02
9.3594860e-03
2.4359365e-02
3.1985816e-02
2.4195558e-02
2.5145440e-02
2.1066477e-02
3.1905193e-02
3.7300495e-02
4.4059206e-02
3.2913161e-02
3.4553519e-02
4.5047035e-02
5.5980596e-02
6.2128651e-02
1.0006815e-01
1.0046844e-01
1.0227548e-01
9.5479004e-02
1.0279259e-01
9.9015295e-02
8.6586842e-02
1.0125163e-01
9.7363078e-02
1.0234629e-01
9.4125995e-02
9.1434190e-02
9.1843641e-02
1.0113955e-01
1.1014889e-01
1.1742249e-01
1.0883561e-01
1.1392946e-01
1.2026641e-01
1.3359572e-01
1.1819133e-01
1.0533799e-01
1.1311378e-01
1.0808639e-01
1.1642125e-01
6.5402128e-02
5.8225959e-02
5.8856557e-02
6.9161331e-02
6.8332557e-02
7.9521235e-02
6.9120199e-02
7.4693046e-02
8.7951491e-02
8.9962178e-02
8.8849315e-02
8.6678202e-02
8.5940513e-02
9.5792262e-02
9.5118251e-02
8.6468469e-02
7.9074239e-02
6.6730232e-02
7.7005121e-02
8.0999160e-02
8.1588994e-02
7.3710558e-02
7.8279997e-02
7.7830417e-02
7.7025882e-02
1.0517102e-01
1.0921238e-01
1.0870212e-01
1.1702500e-01
1.2010656e-01
9.5468621e-02
1.1310019e-01
1.1242996e-01
1.2940980e-01
1.3834702e-01
1.1384712e-01
9.1171978e-02
7.1462265e-02
7.3340448e-02
6.8485349e-02
6.3354397e-02
6.5310407e-02
8.7645125e-02
8.4979197e-02
8.6933824e-02
7.5662985e-02
7.7822121e-02
8.3767654e-02
9.9324722e-02
1.1050079e-01
1.0170451e-01
9.0477742e-02
9.3195430e-02
8.9763878e-02
9.7091554e-02
9.1413307e-02
8.2340749e-02
1.0590229e-01
1.3104170e-01
1.2850789e-01
1.1463982e-01
7.8676599e-02
8.5045748e-02
8.1249087e-02
8.3027607e-02
8.1094437e-02
7.4657226e-02
7.9416113e-02
7.9553363e-02
7.9100372e-02
7.5384029e-02
6.0578214e-02
5.6169745e-02
7.3883784e-02
7.6524610e-02
8.3644159e-02
9.4470100e-02
8.8495202e-02
6.4502110e-02
6.0289279e-02
6.3209234e-02
6.1188176e-02
4.9648012e-02
5.3940114e-02
6.2488345e-02
6.7281723e-02
5.2766740e-02
5.2788286e-02
6.9364637e-02
7.4184192e-02
5.5638451e-02
5.3108986e-02
5.6031656e-02
6.0344092e-02
5.9362660e-02
4.7080507e-02
5.1432451e-02
4.7892056e-02
6.0438236e-02
5.9039533e-02
-2.3953947e-02
-2.9028579e-02
-3.2383932e-02
-1.7586260e-02
-4.7614789e-03
7.6086390e-03
-2.5453873e-03
-1.3126711e-02
5.5353542e-03
-3.1739502e-03
-1.7010153e-02
-9.7805546e-03
-2.6897133e-02
-1.2371923e-02
-1.8264598e-02
-1.6930215e-02
-2.8598785e-02
-2.0398471e-02
-2.0749195e-02
-2.2620565e-02
-2.4862161e-02
-2.8740115e-02
-2.6707706e-02
-6.7888178e-03
-3.0567483e-03
5.6852788e-02
6.2447364e-02
6.9148098e-02
7.9921468e-02
8.2794170e-02
8.1027190e-02
6.5119696e-02
6.2093192e-02
5.2237144e-02
3.8511885e-02
2.8919412e-02
2.4493391e-02
3.9017016e-02
4.6218141e-02
3.6129683e-02
4.2386220e-02
3.5574839e-02
2.4524205e-02
2.5517491e-02
3.5587574e-02
2.5949475e-02
2.6128968e-02
3.7616322e-02
3.3536950e-02
4.2265308e-02
4.3542986e-03
1.3869354e-02
4.0865820e-02
5.6140932e-02
5.0913275e-02
4.2255559e-02
4.1569105e-02
4.1965983e-02
5.7247203e-02
4.1327916e-02
3.3170683e-02
2.7093637e-02
2.4695134e-02
3.5519530e-02
1.8242593e-02
5.2088705e-03
4.4030087e-04
9.4806717e-03
-4.7117341e-03
6.1793925e-04
1.4012201e-02
6.4448341e-03
6.2998192e-03
2.0050424e-02
3.5969844e-02
4.7699344e-03
-1.2725344e-03
7.6433084e-03
1.8296648e-02
2.9213942e-02
2.1399740e-02
3.1381002e-02
2.1535578e-02
2.9657097e-02
1.5756101e-02
3.1629212e-02
1.1049426e-02
1.0721257e-02
2.3162125e-02
1.9544551e-02
1.7463465e-02
3.3330639e-03
1.4676211e-02
1.3785863e-02
1.8860116e-02
1.8472509e-02
7.7676311e-03
8.3583933e-03
6.6372437e-03
1.4007218e-02
4.5535875e-02
4.1552843e-02
3.5965639e-02
3.5429760e-02
5.5530713e-02
3.9655212e-02
3.0848315e-02
4.4654068e-02
4.8267817e-02
7.2894275e-02
7.0577013e-02
7.5924016e-02
1.0307862e-01
1.2674777e-01
1.3403394e-01
1.3340283e-01
1.3714532e-01
1.3943837e-01
1.4616145e-01
1.4883942e-01
1.3418672e-01
1.3839408e-01
1.3477063e-01
1.4094400e-01
1.4365709e-01
2.1436273e-01
2.0457995e-01
2.0618714e-01
2.0294802e-01
2.0905059e-01
2.1124923e-01
2.0192839e-01
2.1206497e-01
2.1072283e-01
2.0639677e-01
2.0259256e-01
2.0504879e-01
1.9839274e-01
1.9343371e-01
1.8874523e-01
1.8808220e-01
1.7061009e-01
1.7112818e-01
1.7294260e-01
1.6600399e-01
1.6776669e-01
1.5638192e-01
1.6187924e-01
1.6448721e-01
1.7654709e-01
1.0869673e-01
9.5447259e-02
9.9180841e-02
1.1428140e-01
1.0812162e-01
1.1235368e-01
1.0532003e-01
9.5377670e-02
1.0467679e-01
1.0617378e-01
8.8733432e-02
7.6110415e-02
7.9521673e-02
8.8859863e-02
8.9319178e-02
8.3900038e-02
8.1378516e-02
8.4838140e-02
1.0215429e-01
1.0200547e-01
1.0942377e-01
8.4395926e-02
9.7017834e-02
1.1452282e-01
1.1052606e-01
1.3639096e-01
1.3440957e-01
1.3802925e-01
1.4386160e-01
1.4518708e-01
1.3610379e-01
1.1998409e-01
1.1342040e-01
1.1993500e-01
1.3208516e-01
1.3370470e-01
1.3098161e-01
1.3057343e-01
1.3409156e-01
1.3296432e-01
1.3851837e-01
1.3689264e-01
1.4114518e-01
1.4707154e-01
1.5384530e-01
1.4783478e-01
1.3787697e-01
1.3661111e-01
1.4283802e-01
1.3699935e-01
1.4673375e-01
1.4211231e-01
1.4408083e-01
1.4378325e-01
1.4086061e-01
1.4168744e-01
1.3903153e-01
1.3518218e-01
1.4077614e-01
1.4586617e-01
1.3160326e-01
1.2789571e-01
1.2826800e-01
1.0840467e-01
1.0167683e-01
8.8937572e-02
6.6628081e-02
5.2524846e-02
6.1113838e-02
5.7989929e-02
6.6794782e-02
8.0948008e-02
7.3036467e-02
7.6617109e-02
9.5637824e-02
1.7700622e-02
2.6224026e-02
2.8873084e-02
3.8146783e-02
4.8559901e-02
3.5040649e-02
2.9030733e-02
3.3009802e-02
3.5502721e-02
3.7009438e-02
3.5275394e-02
2.7185163e-02
3.0639683e-02
3.4317619e-02
5.1769276e-02
4.2719326e-02
4.3926013e-02
5.3597914e-02
5.7188383e-02
7.1362814e-02
6.5756468e-02
5.2358887e-02
4.6971226e-02
5.3898216e-02
5.8801060e-02
2.8725403e-02
2.8695702e-02
1.1905792e-02
3.0227264e-02
8.5370237e-03
1.8447453e-02
9.4196540e-03
1.1638128e-02
-4.3710071e-03
2.4596847e-03
-5.8332687e-03
1.1730405e-03
1.4285451e-03
-3.2657266e-03
7.2601372e-03
3.2415189e-03
-5.3478442e-04
-6.4012787e-03
7.8420605e-03
1.0410304e-02
1.1427202e-02
6.9687415e-03
9.7099249e-03
-9.2362591e-03
5.7228447e-03
-4.3416301e-02
-5.1672452e-02
-5.1387692e-02
-4.3900238e-02
-3.1115780e-02
-4.2352321e-02
-5.0196923e-02
-4.5364421e-02
-4.4672004e-02
-4.1023441e-02
-4.0172150e-02
-3.9219883e-02
-3.8055565e-02
-3.8369867e-02
-3.5772090e-02
-5.0404616e-02
-4.4494100e-02
-6.0512845e-02
-5.8864344e-02
-5.0411778e-02
-6.1167448e-02
-7.2247751e-02
-7.2575439e-02
-6.8265793e-02
-5.8858274e-02
-5.5283612e-02
-5.6099620e-02
-5.2077772e-02
-5.3184565e-02
-4.2281320e-02
-4.0251908e-02
-5.0968970e-02
-4.8746300e-02
-4.4226411e-02
-4.2604959e-02
-6.0241769e-02
-6.6531582e-02
-8.5537170e-02
-7.4982883e-02
-8.2431284e-02
-7.7714902e-02
-7.7948471e-02
-8.4254989e-02
-6.1603914e-02
-4.8685019e-02
-4.9437656e-02
-6.6149392e-02
-4.2226417e-02
-4.7147465e-02
-3.9069680e-02
-3.9245677e-02
-4.5838629e-02
-3.7303600e-02
-4.2603246e-02
-4.9379975e-02
-5.1840984e-02
-6.2058219e-02
-5.9300360e-02
-5.9577081e-02
-5.6394876e-02
-4.9771091e-02
-6.1309006e-02
-5.7095404e-02
-4.0865204e-02
-3.2238105e-02
-3.4448439e-02
-3.9483677e-02
-4.4117324e-02
-2.4992138e-02
-3.1389021e-02
-3.1154008e-02
-3.8444510e-02
-3.3671898e-02
-4.7218314e-02
-4.5898195e-02
-4.9061888e-02
-5.8563438e-02
-6.1396996e-02
-5.1727535e-02
-4.8917289e-02
-5.5161801e-02
-5.3944485e-02
-5.1901217e-02
-4.0461922e-02
-3.0674626e-02
-4.0323062e-02
-2.9468289e-02
-4.4116268e-02
-3.8580555e-02
-2.6257119e-02
-5.1799542e-02
-5.4704327e-02
-5.4432055e-02
-5.1338390e-02
-5.8441501e-02
-6.7773243e-02
-6.0721099e-02
-6.2655874e-02
-6.4661449e-02
-5.0546244e-02
-3.6360365e-02
-2.8272302e-02
-3.6613010e-02
-1.7994166e-02
-2.3903444e-02
-2.5090440e-02
-2.8459700e-02
-3.0728005e-02
-2.8135810e-02
-3.8255231e-02
-3.1263791e-02
-4.1549211e-02
-5.6195175e-02
-5.4768008e-02
-4.2171271e-02
-4.2577845e-02
-5.6581651e-02
-5.5578190e-02
-4.3762570e-02
-3.1596577e-02
-3.4627401e-02
-4.0763527e-02
-2.9762492e-02
-3.5357157e-02
-2.5123341e-02
-5.8489557e-03
-1.5582184e-02
-2.3465012e-02
-8.0310635e-03
-2.1754514e-02
-2.8150040e-02
-3.5545471e-02
-3.7907439e-02
-3.6012004e-02
-2.8985205e-02
-2.8943909e-02
-3.3514899e-02
-3.9456756e-02
-1.6284024e-02
-1.6616993e-02
-1.5203743e-02
-1.4021157e-02
-1.6973417e-02
-8.3738518e-03
-4.7828266e-03
-1.8045182e-02
-2.7331842e-02
-3.0276741e-02
-4.4496063e-02
-3.9756858e-02
-6.2569362e-02
-6.9830687e-02
-7.4894235e-02
-6.7262658e-02
-7.4772368e-02
-7.2883662e-02
-7.3731933e-02
-7.8378476e-02
-6.8569439e-02
-5.4506711e-02
-3.4757318e-02
-4.5948496e-02
-5.2885399e-02
-6.4237345e-02
-6.7458308e-02
-8.1863004e-02
-9.2048785e-02
-9.6605243e-02
-8.7500990e-02
-7.8598395e-02
-7.5132267e-02
-8.6195023e-02
-8.7354539e-02
-8.7644043e-02
-7.9986654e-02
-6.6992587e-02
-8.2073379e-02
-7.2754720e-02
-6.1710644e-02
-4.5803374e-02
-3.9914554e-02
-3.6849080e-02
-3.9263840e-02
-4.3988780e-02
-4.7074898e-02
-6.2468983e-02
-7.4437559e-02
-7.0706440e-02
-6.0425058e-02
-6.3963742e-02
-7.1657848e-02
-7.2722223e-02
-7.2555717e-02
-6.0260585e-02
-5.4481487e-02
-5.3365963e-02
-6.4933502e-02
-5.8522312e-02
-4.4252033e-02
-3.8132821e-02
-3.7523207e-02
-4.8475195e-02
-4.5136957e-02
-4.0858796e-02
-5.9015607e-02
-5.3399660e-02
-6.5784076e-02
-7.0673849e-02
-6.8022174e-02
-7.1426919e-02
-6.5675703e-02
-5.9109380e-02
-6.0481795e-02
-4.8597316e-02
-5.4824086e-02
-2.9808990e-02
-3.3869927e-02
-2.3547901e-02
-1.1760754e-02
1.2062084e-02
3.3818242e-03
-9.7432782e-04
1.4373079e-02
1.5145163e-02
3.8590874e-03
-1.6952256e-01
-1.7747643e-01
-1.9507984e-01
-1.8362798e-01
-1.8757295e-01
-1.9622480e-01
-1.9089033e-01
-1.9778949e-01
-1.9677819e-01
-1.9656518e-01
-1.8904827e-01
-1.9250332e-01
-1.8195991e-01
-1.8155744e-01
-1.6548091e-01
-1.8204092e-01
-2.0704320e-01
-2.1038078e-01
-2.0130822e-01
-2.1623473e-01
-2.0816804e-01
-2.0997575e-01
-2.0216334e-01
-1.8703932e-01
-1.8506466e-01
7.1148508e-02
7.7518916e-02
7.8281299e-02
9.0508723e-02
1.0341281e-01
1.1039609e-01
1.0893317e-01
1.2902518e-01
1.4237132e-01
1.5511468e-01
1.5418651e-01
1.5570249e-01
1.8000408e-01
1.7439289e-01
1.7401607e-01
1.7955174e-01
1.5529859e-01
1.4858583e-01
1.5026396e-01
1.4379673e-01
1.1737374e-01
9.7546054e-02
1.1787365e-01
1.4254924e-01
1.2424372e-01
1.0323691e-01
7.7719647e-02
6.7266718e-02
4.6871987e-02
3.3661765e-02
2.4777669e-02
3.6337633e-02
2.4236693e-02
4.2272987e-02
3.5917860e-02
2.7168712e-02
-9.9118916e-03
1.6509458e-03
8.9030349e-04
9.8860211e-03
1.7970935e-02
2.6162756e-02
4.1200145e-02
6.1409177e-02
5.1024078e-02
5.0208394e-02
4.4981887e-02
6.4239671e-02
8.6055386e-02
8.1205239e-02
-3.1296238e-02
-4.6983810e-02
-4.5617131e-02
-2.8078270e-02
-4.8903789e-02
-6.3143877e-02
-7.3039982e-02
-6.5492109e-02
-5.8392171e-02
-5.1187642e-02
-3.8238805e-02
-3.3086370e-02
-2.6095461e-02
-1.0943131e-02
4.9641458e-03
1.9588250e-02
2.8050484e-02
3.6271246e-02
1.1520735e-02
8.4659633e-03
-8.2044925e-03
-2.4012004e-02
-1.4873539e-02
-1.4658782e-02
-2.3671742e-02
-8.5658240e-02
-8.9630287e-02
-8.7073912e-02
-8.2293279e-02
-9.0281421e-02
-1.0412764e-01
-1.1639244e-01
-9.8511851e-02
-9.9449762e-02
-8.5283012e-02
-8.0665993e-02
-7.5848948e-02
-3.3854630e-02
-1.4327732e-02
9.1565093e-04
1.9265125e-02
3.1333930e-02
3.0213590e-02
4.5170240e-02
3.3798579e-02
2.5833760e-03
-8.1894292e-03
-1.6537489e-02
-1.4394580e-02
-2.4964403e-02
-6.6555366e-02
-6.2835590e-02
-5.6826316e-02
-2.7479020e-02
-1.7819137e-02
-2.8184372e-02
-1.9777162e-02
-5.7043934e-03
2.1318472e-03
-1.1621659e-02
-4.0490038e-03
-2.4678537e-03
-3.7723080e-03
3.1147248e-03
-9.7498694e-03
-1.4783273e-02
-3.7485901e-02
-2.9835451e-02
-2.8532028e-02
-6.0416218e-02
-6.8929888e-02
-8.3765595e-02
-7.0214332e-02
-7.1147322e-02
-7.6965283e-02
-3.0037411e-02
-3.3877945e-02
-2.6401399e-02
-2.2226831e-02
-8.2550276e-03
-1.3468256e-02
-1.9967015e-02
3.1862781e-04
2.2121570e-03
-5.6964434e-03
-8.2390373e-03
-1.9088038e-02
-2.0146161e-02
-2.4222105e-02
-1.5251651e-02
-2.8094611e-02
-2.0932965e-02
-1.1973266e-02
-2.6827328e-03
-7.2550164e-03
-9.2894081e-03
-4.4651052e-03
9.9013283e-03
1.2735339e-02
6.6542043e-03
-8.0967268e-02
-8.5214746e-02
-6.8948453e-02
-7.6477646e-02
-8.7480730e-02
-1.0361281e-01
-1.0386736e-01
-9.7018264e-02
-1.0457860e-01
-1.1416796e-01
-1.0785049e-01
-9.9180054e-02
-9.7306687e-02
-9.2812401e-02
-8.2602697e-02
-7.1305913e-02
-6.8285504e-02
-6.0821509e-02
-4.0454319e-02
-3.4478647e-02
-4.3571010e-02
-4.5500187e-02
-4.5416500e-02
-5.0037384e-02
-6.3452006e-02
-2.7839437e-02
-3.7802987e-02
-4.5225866e-02
-4.3407469e-02
-4.6378780e-02
-6.3059705e-02
-6.2047171e-02
-5.8092063e-02
-4.8725072e-02
-5.8460433e-02
-5.8513714e-02
-5.4164489e-02
-4.6846165e-02
-4.7124558e-02
-5.4990587e-02
-6.2266300e-02
-6.4664052e-02
-6.0429117e-02
-7.2266818e-02
-8.6504850e-02
-9.7632924e-02
-9.5274906e-02
-8.0564758e-02
-8.6745622e-02
-9.0325370e-02
-6.8761133e-02
-5.8702141e-02
-5.9115741e-02
-5.0647199e-02
-5.4475219e-02
-5.5338956e-02
-5.2080245e-02
-4.7131310e-02
-4.6694310e-02
-5.8483942e-02
-6.9485369e-02
-8.2894475e-02
-7.1503354e-02
-8.0996316e-02
-8.9246207e-02
-1.0146540e-01
-8.9516711e-02
-8.4103979e-02
-9.4028464e-02
-9.1403223e-02
-1.0091633e-01
-8.6628915e-02
-8.1918760e-02
-8.0645499e-02
-9.4591721e-02
-8.5514107e-02
-6.8082954e-02
-7.9835068e-02
-7.6180100e-02
-8.7185990e-02
-9.3738456e-02
-9.6748104e-02
-9.3209335e-02
-8.8064252e-02
-1.0365135e-01
-1.0498826e-01
-9.4123277e-02
-8.4826005e-02
-8.6030596e-02
-8.7727094e-02
-8.2299091e-02
-7.6677296e-02
-6.6807094e-02
-7.4885112e-02
-8.9739822e-02
-9.5040109e-02
-7.4262595e-02
-9.2083212e-02
-9.6269700e-02
-1.0245228e-01
-1.3359660e-01
-1.1768799e-01
-1.1375375e-01
-1.0410153e-01
-1.0939467e-01
-1.1696253e-01
-1.1113721e-01
-1.1115090e-01
-1.3618131e-01
-1.4166342e-01
-1.4663373e-01
-1.3334014e-01
-1.2418138e-01
-1.3344048e-01
-1.2684979e-01
-1.2918295e-01
-1.1605212e-01
-1.1291705e-01
-1.1218019e-01
-1.1594467e-01
-1.2128076e-01
-1.2383749e-01
-1.2969450e-01
-1.4595737e-01
-1.4704442e-01
-1.0779729e-01
-1.0362827e-01
-1.0567528e-01
-1.1166115e-01
-9.5382932e-02
-9.3638519e-02
-8.9145549e-02
-7.6817701e-02
-8.8823671e-02
-8.3589610e-02
-8.1530521e-02
-7.8479505e-02
-7.0888475e-02
-7.7868713e-02
-8.0624972e-02
-7.1384918e-02
-5.2337945e-02
-5.5841118e-02
-6.1953007e-02
-6.9021718e-02
-8.3346118e-02
-8.7447309e-02
-8.0141304e-02
-7.7939914e-02
-8.4203683e-02
-9.6791078e-02
-8.3951352e-02
-7.6351579e-02
-8.4146925e-02
-9.5104354e-02
-8.7359693e-02
-7.1936557e-02
-6.5516047e-02
-7.2228439e-02
-6.6604705e-02
-5.8862284e-02
-4.4183046e-02
-5.0674347e-02
-5.6609850e-02
-4.2748538e-02
-4.5537583e-02
-4.9876901e-02
-3.8246428e-02
-5.1587881e-02
-6.1665636e-02
-6.2234656e-02
-5.0674897e-02
-6.0021766e-02
-6.8063173e-02
-6.9703097e-02
-5.8957101e-02
-4.5760856e-02
-5.0182505e-02
-4.3476610e-02
-4.3414329e-02
-3.4897982e-02
-3.4237952e-02
-2.5000797e-02
-2.7823454e-02
-3.4873391e-02
-2.6071689e-02
-1.4116848e-02
-1.8905958e-02
-3.7335290e-02
-4.1777204e-02
-4.0430226e-02
-3.4043317e-02
-4.9034087e-02
-5.0703546e-02
-5.6207385e-02
-4.9969362e-02
-4.8877524e-02
-3.9935619e-02
-4.2499439e-02
-5.3310979e-02
-3.8279299e-02
-2.7290844e-02
-3.8185499e-02
-3.6898545e-02
-4.4448596e-02
-3.6620651e-02
-3.0912591e-02
-2.5899410e-02
-2.8741593e-02
-2.3486745e-02
-3.1680605e-02
-2.8233123e-02
-2.5868179e-02
-3.6049992e-02
-4.5122471e-02
-5.2859030e-02
-4.0687827e-02
-3.9062537e-02
-4.7096679e-02
-3.5466222e-02
-4.2290716e-02
-3.0736830e-02
-3.7144060e-02
-4.1898882e-02
-3.3741279e-02
-7.2220837e-02
-6.4818318e-02
-6.4203069e-02
-6.0542924e-02
-6.8872557e-02
-6.4352516e-02
-5.5825265e-02
-5.7725778e-02
-6.5294665e-02
-8.3210941e-02
-9.4511470e-02
-8.8674993e-02
-9.8444931e-02
-1.0835140e-01
-1.1808868e-01
-1.0920133e-01
-1.0596038e-01
-9.5609652e-02
-9.7144384e-02
-9.6753203e-02
-8.4341424e-02
-8.2623261e-02
-8.8335327e-02
-9.8123473e-02
-9.8079943e-02
-8.0888651e-02
-7.4385183e-02
-7.8353986e-02
-7.2276929e-02
-8.1291077e-02
-8.0074414e-02
-8.0982241e-02
-8.6635323e-02
-9.9236986e-02
-9.7826707e-02
-8.9944544e-02
-9.4887704e-02
-1.0895401e-01
-1.0802177e-01
-8.8813865e-02
-8.6305777e-02
-7.4434414e-02
-7.9866706e-02
-8.0007853e-02
-7.6047543e-02
-7.5293672e-02
-6.8240030e-02
-6.2549804e-02
-6.7048953e-02
-7.2846722e-02
-7.6413844e-02
-8.2300014e-02
-9.2203958e-02
-9.4132755e-02
-9.2374214e-02
-9.1829269e-02
-8.9799164e-02
-1.0085344e-01
-1.0137428e-01
-9.7638020e-02
-8.1118099e-02
-8.8105281e-02
-9.2481563e-02
-9.2620968e-02
-7.5071324e-02
-8.1632206e-02
-8.6662410e-02
-7.8075299e-02
-7.7861118e-02
-7.8238670e-02
-6.8320342e-02
-6.5873474e-02
