7.0874690e-02
3.2066208e-01
5.5388636e-01
7.5806809e-01
9.2550599e-01
1.0513142e+00
1.1292017e+00
1.1489393e+00
1.0980301e+00
9.6622115e-01
7.5010513e-01
4.5668109e-01
1.0536930e-01
-2.7302090e-01
-6.4120975e-01
-9.6242509e-01
-1.2060270e+00
-1.3494738e+00
-1.3771898e+00
-1.2793305e+00
-1.0531192e+00
-7.0672945e-01
-2.6379049e-01
2.3360406e-01
7.2588513e-01
1.1434187e+00
1.4200411e+00
1.5087979e+00
1.3946008e+00
1.0991439e+00
6.7561324e-01
1.9497978e-01
-2.7064791e-01
-6.6209119e-01
-9.4176575e-01
-1.0965805e+00
-1.1350657e+00
-1.0785356e+00
-9.4863436e-01
-7.5764203e-01
-5.0783526e-01
-2.0036175e-01
1.5244230e-01
5.1928062e-01
8.5151989e-01
1.0938485e+00
1.1995494e+00
1.1446072e+00
9.3583036e-01
6.1013054e-01
2.2457606e-01
-1.5963575e-01
-4.9281562e-01
-7.4565909e-01
-9.0872432e-01
-9.8412452e-01
-9.7436127e-01
-8.7520358e-01
-6.7793126e-01
-3.8040789e-01
-1.6555229e-04
4.1934972e-01
8.1455836e-01
1.1175932e+00
1.2744307e+00
1.2573738e+00
1.0688908e+00
7.3859908e-01
3.1613908e-01
-1.3853471e-01
-5.6598434e-01
-9.1662725e-01
-1.1561559e+00
-1.2668449e+00
-1.2462909e+00
-1.1046339e+00
-8.6057659e-01
-5.3741235e-01
-1.6118515e-01
2.3809020e-01
6.2378207e-01
9.5188012e-01
1.1750842e+00
1.2527127e+00
1.1642515e+00
9.2103501e-01
5.6917463e-01
1.7935370e-01
-1.7438999e-01
-4.3782908e-01
-5.9088542e-01
-6.4732460e-01
-6.4144202e-01
-6.0892943e-01
-5.7081641e-01
-5.2682590e-01
-4.5916389e-01
-3.4344595e-01
-1.6238687e-01
8.1927321e-02
3.6163672e-01
6.2611928e-01
8.1482544e-01
8.7644135e-01
7.8744566e-01
5.6168964e-01
2.4593118e-01
-9.6389046e-02
-4.0502883e-01
-6.3822097e-01
-7.7875915e-01
-8.3010241e-01
-8.0518044e-01
-7.1445658e-01
-5.6087721e-01
-3.4397692e-01
-6.8133905e-02
2.5104730e-01
5.8396259e-01
8.8753350e-01
1.1102846e+00
1.2033437e+00
1.1352673e+00
9.0480331e-01
5.4531830e-01
1.1808188e-01
-3.0332468e-01
-6.5142270e-01
-8.7961102e-01
-9.6941335e-01
-9.2943956e-01
-7.8772399e-01
-5.8116414e-01
-3.4653122e-01
-1.1535857e-01
8.8260751e-02
2.4855290e-01
3.5740746e-01
4.1178615e-01
4.1121724e-01
3.5820492e-01
2.6108602e-01
1.3545094e-01
1.2030382e-03
-1.2350732e-01
-2.2736483e-01
-3.0688680e-01
-3.6339660e-01
-3.9800157e-01
-4.0680830e-01
-3.7844938e-01
-2.9589712e-01
-1.4359046e-01
8.1950211e-02
3.6303149e-01
6.5817523e-01
9.0802407e-01
1.0494750e+00
1.0353889e+00
8.5297110e-01
5.3164505e-01
1.3539902e-01
-2.5749970e-01
-5.7868134e-01
-7.8751906e-01
-8.7529854e-01
-8.5534444e-01
-7.4685649e-01
-5.6385333e-01
-3.1635778e-01
-2.1400892e-02
2.8618340e-01
5.5301213e-01
7.1905452e-01
7.3683413e-01
5.8936945e-01
2.9980845e-01
-7.1033558e-02
-4.3948365e-01
-7.2234268e-01
-8.6111554e-01
-8.3832324e-01
-6.7992262e-01
-4.4343320e-01
-1.9675892e-01
4.4744532e-03
1.3382042e-01
2.0032961e-01
2.4185543e-01
3.0658079e-01
4.2966102e-01
6.1509857e-01
8.3001963e-01
1.0127978e+00
1.0925899e+00
1.0146709e+00
7.6217683e-01
3.6468472e-01
-1.0979633e-01
-5.7487212e-01
-9.4931267e-01
-1.1765215e+00
-1.2354941e+00
-1.1417888e+00
-9.3919649e-01
-6.8450555e-01
-4.2956524e-01
-2.0647432e-01
-2.1462359e-02
1.4044431e-01
3.0284496e-01
4.8311978e-01
6.8053529e-01
8.7106175e-01
1.0112093e+00
1.0507871e+00
9.5099893e-01
7.0117256e-01
3.2697712e-01
-1.1360949e-01
-5.4503203e-01
-8.9396971e-01
-1.1071427e+00
-1.1613230e+00
-1.0633981e+00
-8.4258200e-01
-5.3922541e-01
-1.9448964e-01
1.5591429e-01
4.8227203e-01
7.5730447e-01
9.5312299e-01
1.0424881e+00
1.0046202e+00
8.3331487e-01
5.4401603e-01
1.7600709e-01
-2.1290530e-01
-5.5875090e-01
-8.0699002e-01
-9.2582032e-01
-9.1275176e-01
-7.9265355e-01
-6.0762464e-01
-4.0118513e-01
-2.0245286e-01
-1.7948197e-02
1.6407353e-01
3.5891944e-01
5.6872052e-01
7.7285118e-01
9.3053748e-01
9.9454358e-01
9.2963739e-01
7.2746822e-01
4.1169368e-01
3.2266383e-02
-3.4805088e-01
-6.7045323e-01
-8.9485898e-01
-1.0065079e+00
-1.0110925e+00
-9.2277415e-01
-7.5478073e-01
-5.1884962e-01
-2.3129212e-01
8.1307210e-02
3.8181589e-01
6.2829091e-01
7.8368230e-01
8.2660929e-01
7.5933537e-01
6.0853776e-01
4.1661263e-01
2.2627200e-01
6.5845998e-02
-5.7472303e-02
-1.5461246e-01
-2.4523705e-01
-3.4623435e-01
-4.6112101e-01
-5.7361709e-01
-6.4924037e-01
-6.4633167e-01
-5.3290643e-01
-3.0230939e-01
1.8929476e-02
3.7458172e-01
6.9285359e-01
9.0628158e-01
9.7024220e-01
8.7381960e-01
6.4023933e-01
3.1817844e-01
-3.1898283e-02
-3.5180948e-01
-5.9721103e-01
-7.4494078e-01
-7.9417412e-01
-7.6043524e-01
-6.6529367e-01
-5.2728595e-01
-3.5805476e-01
-1.6404174e-01
4.8552605e-02
2.6881520e-01
4.7881221e-01
6.5462866e-01
7.6993363e-01
8.0124198e-01
7.3421202e-01
5.6934310e-01
3.2468010e-01
3.4014716e-02
-2.5934072e-01
-5.1157338e-01
-6.8720584e-01
-7.6506451e-01
-7.4069181e-01
-6.2578298e-01
-4.4488338e-01
-2.2922852e-01
-8.5461725e-03
1.9614647e-01
3.7442571e-01
5.2166462e-01
6.3171397e-01
6.9291896e-01
6.8995406e-01
6.1025089e-01
4.5201882e-01
2.2991913e-01
-2.5460249e-02
-2.7574589e-01
-4.8729412e-01
-6.4099642e-01
-7.3364003e-01
-7.7141134e-01
-7.6108072e-01
-7.0389065e-01
-5.9411507e-01
-4.2225697e-01
-1.8190336e-01
1.2158692e-01
4.6361185e-01
7.9830784e-01
1.0653750e+00
1.2052647e+00
1.1776931e+00
9.7625856e-01
6.3302118e-01
2.1083287e-01
-2.1363027e-01
-5.6989405e-01
-8.1045514e-01
-9.1936537e-01
-9.0991443e-01
-8.1302034e-01
-6.6272415e-01
-4.8558933e-01
-2.9638877e-01
-9.9144664e-02
1.0714786e-01
3.1938197e-01
5.2210146e-01
6.8578859e-01
7.7447119e-01
7.5998245e-01
6.3543889e-01
4.2035512e-01
1.5489984e-01
-1.1314324e-01
-3.4235079e-01
-5.0707513e-01
-5.9955307e-01
-6.2548153e-01
-5.9672369e-01
-5.2494207e-01
-4.1799436e-01
-2.7958799e-01
-1.1205203e-01
7.9142052e-02
2.8150025e-01
4.7423092e-01
6.3024956e-01
7.2118881e-01
7.2474852e-01
6.3294252e-01
4.5780403e-01
2.2993597e-01
-1.1409746e-02
-2.3172856e-01
-4.1042448e-01
-5.4164264e-01
-6.2854482e-01
-6.7587402e-01
-6.8442284e-01
-6.4816445e-01
-5.5431917e-01
-3.8799061e-01
-1.4172079e-01
1.7402702e-01
5.2582312e-01
8.6118852e-01
1.1195811e+00
1.2459403e+00
1.2034993e+00
9.8365191e-01
6.1036136e-01
1.3728707e-01
-3.6219806e-01
-8.0991764e-01
-1.1392698e+00
-1.3092969e+00
-1.3127697e+00
-1.1751134e+00
-9.4326262e-01
-6.6798137e-01
-3.8725922e-01
-1.1825790e-01
1.3968589e-01
3.9447149e-01
6.4929565e-01
8.9440279e-01
1.1048215e+00
1.2446006e+00
1.2770098e+00
1.1778658e+00
9.4614023e-01
6.0622170e-01
2.0121790e-01
-2.1795456e-01
-6.0247844e-01
-9.1264872e-01
-1.1221766e+00
-1.2195868e+00
-1.2063702e+00
-1.0929586e+00
-8.9493577e-01
-6.3113431e-01
-3.2296332e-01
6.5845478e-03
3.3418256e-01
6.3607095e-01
8.8641538e-01
1.0568665e+00
1.1202198e+00
1.0578624e+00
8.6779172e-01
5.6969667e-01
2.0487060e-01
-1.7013553e-01
-4.9596940e-01
-7.2621462e-01
-8.4045122e-01
-8.4811924e-01
-7.8032164e-01
-6.7313825e-01
-5.5097111e-01
-4.1803742e-01
-2.6116974e-01
-6.1508290e-02
1.9085194e-01
4.8567513e-01
7.8897324e-01
1.0480038e+00
1.2036700e+00
1.2071911e+00
1.0359719e+00
7.0299041e-01
2.5590931e-01
-2.3392154e-01
-6.8857550e-01
-1.0414961e+00
-1.2516719e+00
-1.3097754e+00
-1.2333229e+00
-1.0529934e+00
-7.9813720e-01
-4.8988712e-01
-1.4421219e-01
2.1989504e-01
5.7452374e-01
8.8362104e-01
1.1097326e+00
1.2229381e+00
1.2081933e+00
1.0689444e+00
8.2640073e-01
5.1477049e-01
1.7377483e-01
-1.5937382e-01
-4.5619312e-01
-6.9950332e-01
-8.8192222e-01
-1.0015572e+00
-1.0564578e+00
-1.0395519e+00
-9.3764548e-01
-7.3794870e-01
-4.3999503e-01
-6.4838602e-02
3.4530189e-01
7.3628801e-01
1.0539382e+00
1.2532456e+00
1.3041290e+00
1.1954064e+00
9.3759405e-01
5.6332937e-01
1.2413600e-01
-3.1666139e-01
-6.9430213e-01
-9.5521583e-01
-1.0693678e+00
-1.0376348e+00
-8.9000167e-01
-6.7445695e-01
-4.4091692e-01
-2.2626984e-01
-4.5595751e-02
1.0765909e-01
2.5240883e-01
4.0494681e-01
5.6516008e-01
7.1114077e-01
8.0557712e-01
8.1167969e-01
7.1120119e-01
5.1502388e-01
2.6045054e-01
-2.9842364e-03
-2.3138502e-01
-3.9973723e-01
-5.0589602e-01
-5.6529433e-01
-5.9966149e-01
-6.2449699e-01
-6.4027041e-01
-6.3120546e-01
-5.7214425e-01
-4.4000956e-01
-2.2491322e-01
6.2876722e-02
3.9197841e-01
7.1482432e-01
9.7673661e-01
1.1268895e+00
1.1290507e+00
9.7026203e-01
6.6596634e-01
2.6016902e-01
-1.8086526e-01
-5.8201174e-01
-8.7767420e-01
-1.0291769e+00
-1.0333914e+00
-9.1848058e-01
-7.2973867e-01
-5.1264522e-01
-2.9926030e-01
-1.0138133e-01
8.8286789e-02
2.8745678e-01
5.1017601e-01
7.5184030e-01
9.8077056e-01
1.1432651e+00
1.1822328e+00
1.0608603e+00
7.7950806e-01
3.7813341e-01
-7.6034259e-02
-5.0990461e-01
-8.6645123e-01
-1.1182764e+00
-1.2667661e+00
-1.3274118e+00
-1.3102959e+00
-1.2088974e+00
-1.0047241e+00
-6.8346770e-01
-2.5143072e-01
2.5642083e-01
7.7912440e-01
1.2415130e+00
1.5714065e+00
1.7168132e+00
1.6581075e+00
1.4119021e+00
1.0251402e+00
5.6142252e-01
8.5288420e-02
-3.5031940e-01
-7.1119980e-01
-9.8292282e-01
-1.1660410e+00
-1.2678135e+00
-1.2940793e+00
-1.2443144e+00
-1.1114072e+00
-8.8646272e-01
-5.6754006e-01
-1.6889482e-01
2.7438107e-01
7.1001035e-01
1.0799864e+00
1.3353345e+00
1.4480173e+00
1.4151345e+00
1.2544667e+00
9.9487398e-01
6.6723874e-01
3.0008649e-01
-8.0127441e-02
-4.4721082e-01
-7.7453637e-01
-1.0358102e+00
-1.2070358e+00
-1.2697898e+00
-1.2149389e+00
-1.0448476e+00
-7.7333565e-01
-4.2468889e-01
-3.3344932e-02
3.5572509e-01
6.8857284e-01
9.0947751e-01
9.7447921e-01
8.6718955e-01
6.1006484e-01
2.6408506e-01
-8.6856393e-02
-3.6256047e-01
-5.1190133e-01
-5.2432466e-01
-4.2347096e-01
-2.5002918e-01
-4.5751490e-02
1.5370886e-01
3.1828584e-01
4.2249028e-01
4.4965763e-01
4.0016939e-01
2.9651929e-01
1.7880025e-01
9.0598654e-02
6.1501984e-02
9.3831211e-02
1.5922507e-01
2.0812053e-01
1.9039931e-01
7.8358123e-02
-1.1998650e-01
-3.6405817e-01
-5.9777612e-01
-7.7108646e-01
-8.5523949e-01
-8.4547101e-01
-7.5262168e-01
-5.9134882e-01
-3.7271598e-01
-1.0441850e-01
2.0276132e-01
5.2637813e-01
8.2728562e-01
1.0536097e+00
1.1550245e+00
1.1016903e+00
8.9783410e-01
5.8205639e-01
2.1413306e-01
-1.4424033e-01
-4.4559719e-01
-6.6461918e-01
-7.9726101e-01
-8.5306158e-01
-8.4448121e-01
-7.7825827e-01
-6.5273787e-01
-4.6221758e-01
-2.0601663e-01
1.0235393e-01
4.3053333e-01
7.2985105e-01
9.4533938e-01
1.0308828e+00
9.6445154e-01
7.5702228e-01
4.5058300e-01
1.0547391e-01
-2.1741154e-01
-4.7226058e-01
-6.3726881e-01
-7.1575538e-01
-7.2946653e-01
-7.0539311e-01
-6.6102152e-01
-5.9533414e-01
-4.9062515e-01
-3.2450135e-01
-8.5915625e-02
2.1272518e-01
5.3252382e-01
8.1500380e-01
9.9716724e-01
1.0310969e+00
9.0170658e-01
6.3423252e-01
2.8651719e-01
-7.0421995e-02
-3.7431934e-01
-5.8784103e-01
-7.0425916e-01
-7.4095509e-01
-7.2362395e-01
-6.6928240e-01
-5.7740633e-01
-4.3381694e-01
-2.2470287e-01
4.7329036e-02
3.5466865e-01
6.4894549e-01
8.7565147e-01
9.9129845e-01
9.7579153e-01
8.3646060e-01
6.0356862e-01
3.1929143e-01
2.3999784e-02
-2.5459373e-01
-5.0420966e-01
-7.2182073e-01
-9.0342367e-01
-1.0365372e+00
-1.0989196e+00
-1.0629583e+00
-9.0413984e-01
-6.1252368e-01
-2.0443463e-01
2.7172733e-01
7.4139696e-01
1.1215794e+00
1.3436511e+00
1.3715957e+00
1.2089922e+00
8.9463162e-01
4.9148759e-01
7.3524331e-02
-2.8795783e-01
-5.3793981e-01
-6.4978937e-01
-6.3266698e-01
-5.3010105e-01
-4.0729118e-01
-3.2933235e-01
-3.3724543e-01
-4.3053072e-01
-5.6352683e-01
-6.5870624e-01
-6.3431365e-01
-4.3810701e-01
-7.4793167e-02
3.8543852e-01
8.2396164e-01
1.1126909e+00
1.1608271e+00
9.4955657e-01
5.3894683e-01
4.4458437e-02
-4.0474804e-01
-7.0618803e-01
-8.0795460e-01
-7.1233144e-01
-4.6399321e-01
-1.3044073e-01
2.1766485e-01
5.2041417e-01
7.3514792e-01
8.3786236e-01
8.2260964e-01
7.0002170e-01
4.9404768e-01
2.3599260e-01
-4.2727671e-02
-3.1578678e-01
-5.6342468e-01
-7.7168268e-01
-9.3112174e-01
-1.0348392e+00
-1.0753929e+00
-1.0422626e+00
-9.2298622e-01
-7.0962266e-01
-4.0789427e-01
-4.2755311e-02
3.4450074e-01
7.0649094e-01
1.0014542e+00
1.2009707e+00
1.2919375e+00
1.2743372e+00
1.1574012e+00
9.5587275e-01
6.8712534e-01
3.6981403e-01
2.4335847e-02
-3.2592719e-01
-6.5466672e-01
-9.3526558e-01
-1.1446261e+00
-1.2655194e+00
-1.2865214e+00
-1.2010122e+00
-1.0071915e+00
-7.0971423e-01
-3.2209624e-01
1.3064617e-01
6.0881246e-01
1.0559726e+00
1.4029817e+00
1.5817394e+00
1.5459680e+00
1.2903247e+00
8.5837832e-01
3.3431207e-01
-1.8001294e-01
-5.9476343e-01
-8.5771500e-01
-9.6593780e-01
-9.5836370e-01
-8.9197349e-01
-8.1345776e-01
-7.4099806e-01
-6.6343956e-01
-5.5330313e-01
-3.8439466e-01
-1.4584636e-01
1.5102903e-01
4.7282692e-01
7.6984389e-01
9.8670481e-01
1.0761942e+00
1.0128958e+00
8.0237646e-01
4.8261297e-01
1.1649267e-01
-2.2351709e-01
-4.7508635e-01
-6.0400639e-01
-6.1295938e-01
-5.3619956e-01
-4.2181211e-01
-3.0994945e-01
-2.1764026e-01
-1.3666682e-01
-4.3707312e-02
8.3506628e-02
2.5143444e-01
4.4295210e-01
6.1937637e-01
7.3174318e-01
7.3713222e-01
6.1374698e-01
3.6921216e-01
3.9524409e-02
-3.2058998e-01
-6.5290034e-01
-9.1148397e-01
-1.0726749e+00
-1.1347414e+00
-1.1085297e+00
-1.0053656e+00
-8.2931010e-01
-5.7688657e-01
-2.4208489e-01
1.7656229e-01
6.6667094e-01
1.1903843e+00
1.6769846e+00
2.0299809e+00
2.1518204e+00
1.9777638e+00
1.5044339e+00
8.0017054e-01
-8.8837342e-03
-7.7329873e-01
-1.3629619e+00
-1.7019935e+00
-1.7836820e+00
-1.6611267e+00
-1.4188457e+00
-1.1383987e+00
-8.7247832e-01
-6.3556431e-01
-4.1065990e-01
-1.6662917e-01
1.2119347e-01
4.5481548e-01
8.0734590e-01
1.1277904e+00
1.3540879e+00
1.4299723e+00
1.3213414e+00
1.0281172e+00
5.8769036e-01
6.7915530e-02
-4.4817964e-01
-8.8036614e-01
-1.1659860e+00
-1.2679904e+00
-1.1763321e+00
-9.0581661e-01
-4.9338029e-01
5.2648970e-03
5.2146767e-01
9.8239739e-01
1.3213252e+00
1.4876748e+00
1.4553620e+00
1.2279749e+00
8.3920617e-01
3.4743125e-01
-1.7503333e-01
-6.5569701e-01
-1.0358101e+00
-1.2817396e+00
-1.3907120e+00
-1.3873987e+00
-1.3103001e+00
-1.1927425e+00
-1.0479260e+00
-8.6595482e-01
-6.2367012e-01
-3.0104225e-01
1.0363505e-01
5.6424874e-01
1.0252510e+00
1.4105280e+00
1.6434537e+00
1.6720112e+00
1.4871771e+00
1.1253776e+00
6.5548317e-01
1.5897629e-01
-2.8787352e-01
-6.2619386e-01
-8.2111016e-01
-8.6313172e-01
-7.6482575e-01
-5.5498303e-01
-2.7354687e-01
3.1407190e-02
3.0669695e-01
5.0005929e-01
5.6995610e-01
4.9690391e-01
2.9228174e-01
2.8807973e-04
-3.1025559e-01
-5.6437506e-01
-7.0451248e-01
-7.0976217e-01
-6.0175823e-01
-4.3379632e-01
-2.6792007e-01
-1.5070033e-01
-9.7918240e-02
-9.2273921e-02
-9.2545622e-02
-5.0542021e-02
6.8709047e-02
2.6993985e-01
5.2100363e-01
7.6072926e-01
9.1897509e-01
9.4083960e-01
8.0550799e-01
5.3334596e-01
1.7969799e-01
-1.8233392e-01
-4.8465280e-01
-6.8405626e-01
-7.7106758e-01
-7.6451004e-01
-6.9549595e-01
-5.8966072e-01
-4.5718151e-01
-2.9499163e-01
-9.8104385e-02
1.2738577e-01
3.5709925e-01
5.5152202e-01
6.6878692e-01
6.8085633e-01
5.8490077e-01
4.0480367e-01
1.8345832e-01
-2.9747308e-02
-1.9192278e-01
-2.7696488e-01
-2.8045079e-01
-2.1815915e-01
-1.2001354e-01
-2.1624283e-02
4.5855348e-02
6.6071159e-02
4.3826345e-02
2.7865434e-03
-2.6372502e-02
-2.2149988e-02
1.5991603e-02
6.6472363e-02
9.5329764e-02
7.2000204e-02
-1.6021736e-02
-1.5596193e-01
-3.1278430e-01
-4.4082280e-01
-4.9926224e-01
-4.6615657e-01
-3.4680285e-01
-1.7340807e-01
5.2618791e-03
1.4161774e-01
2.0734537e-01
2.0405671e-01
1.6236735e-01
1.3018772e-01
1.5424181e-01
2.6043508e-01
4.3999602e-01
6.4808988e-01
8.1685707e-01
8.7760280e-01
7.8351408e-01
5.2595606e-01
1.4003172e-01
-3.0263460e-01
-7.1271455e-01
-1.0085177e+00
-1.1396493e+00
-1.1003732e+00
-9.2780189e-01
-6.8609248e-01
-4.4270009e-01
-2.4504462e-01
-1.0582620e-01
-2.4621218e-03
1.0887788e-01
2.6979942e-01
4.9612889e-01
7.6424738e-01
1.0137610e+00
1.1667164e+00
1.1567336e+00
9.5679492e-01
5.9417071e-01
1.4499842e-01
-2.9123013e-01
-6.2701476e-01
-8.1540869e-01
-8.5884926e-01
-7.9690985e-01
-6.8227121e-01
-5.5773413e-01
-4.4347146e-01
-3.3683349e-01
-2.2159262e-01
-8.1328434e-02
8.8722045e-02
2.7622984e-01
4.5471517e-01
5.9242912e-01
6.6203758e-01
6.4740147e-01
5.4715207e-01
3.7557892e-01
1.5973756e-01
-6.7948112e-02
-2.7904030e-01
-4.5528745e-01
-5.8776804e-01
-6.7005745e-01
-6.9173853e-01
-6.3885601e-01
-5.0202350e-01
-2.8624889e-01
-1.5237956e-02
2.7272961e-01
5.3473760e-01
7.3415050e-01
8.4908934e-01
8.7629738e-01
8.2808895e-01
7.2199053e-01
5.6754836e-01
3.5838091e-01
7.6253580e-02
-2.9206845e-01
-7.3247638e-01
-1.1885089e+00
-1.5645863e+00
-1.7490569e+00
-1.6488113e+00
-1.2232465e+00
-5.0679272e-01
3.8735554e-01
1.2856761e+00
1.9935600e+00
2.3478727e+00
2.2678325e+00
1.7840062e+00
1.0296435e+00
1.9507253e-01
-5.3529101e-01
-1.0367740e+00
-1.2707108e+00
-1.2789951e+00
-1.1540623e+00
-9.9747642e-01
-8.8204404e-01
-8.2993862e-01
-8.1248507e-01
-7.6840151e-01
-6.3154986e-01
-3.5901585e-01
4.7937704e-02
5.3683951e-01
1.0154643e+00
1.3799288e+00
1.5492869e+00
1.4916989e+00
1.2309896e+00
8.3340077e-01
3.8366874e-01
-3.9027369e-02
-3.7832593e-01
-6.0812746e-01
-7.3019026e-01
-7.6423436e-01
-7.3502884e-01
-6.6208477e-01
-5.5577962e-01
-4.1952144e-01
-2.5473886e-01
-6.5949857e-02
1.3534644e-01
3.2906542e-01
4.8856963e-01
5.8634940e-01
6.0116891e-01
5.2376493e-01
3.5949446e-01
1.2788538e-01
-1.4058885e-01
-4.0996588e-01
-6.4481157e-01
-8.1452527e-01
-8.9509200e-01
-8.6967927e-01
-7.2997864e-01
-4.7870669e-01
-1.3239663e-01
2.7662696e-01
7.0035746e-01
1.0788307e+00
1.3487385e+00
1.4567729e+00
1.3747608e+00
1.1109774e+00
7.1177891e-01
2.5073239e-01
-1.9227191e-01
-5.5425756e-01
-8.0520449e-01
-9.5052763e-01
-1.0201041e+00
-1.0496697e+00
-1.0624074e+00
-1.0575364e+00
-1.0105725e+00
-8.8607823e-01
-6.5757644e-01
-3.2458065e-01
8.1630804e-02
5.0483381e-01
8.7875289e-01
1.1439894e+00
1.2618320e+00
1.2216277e+00
1.0407801e+00
7.5868436e-01
4.2700726e-01
9.8300752e-02
-1.8500336e-01
-3.9759157e-01
-5.3097296e-01
-5.8685848e-01
-5.6954266e-01
-4.8278199e-01
-3.3268935e-01
-1.3339166e-01
8.9711060e-02
3.0203502e-01
4.6618348e-01
5.4959594e-01
5.3168711e-01
4.1004285e-01
2.0420239e-01
-4.6175051e-02
-2.9084939e-01
-4.8408507e-01
-5.9914500e-01
-6.3539041e-01
-6.1463242e-01
-5.6900524e-01
-5.2622224e-01
-4.9781089e-01
-4.7398570e-01
-4.2689878e-01
-3.2157310e-01
-1.3078809e-01
1.5173307e-01
5.0467799e-01
8.8105617e-01
1.2176052e+00
1.4483381e+00
1.5183849e+00
1.3956181e+00
1.0787409e+00
6.0070735e-01
2.6480655e-02
-5.5586043e-01
-1.0515576e+00
-1.3814523e+00
-1.5031251e+00
-1.4210765e+00
-1.1804220e+00
-8.4749952e-01
-4.8722128e-01
-1.4671222e-01
1.5035080e-01
3.9952607e-01
6.0522979e-01
7.6908821e-01
8.8215895e-01
9.2483538e-01
8.7470715e-01
7.1814307e-01
4.5932755e-01
1.2307107e-01
-2.4788265e-01
-5.9878435e-01
-8.7126791e-01
-1.0142133e+00
-9.9555713e-01
-8.1167215e-01
-4.9079467e-01
-8.8633320e-02
3.2317357e-01
6.7269375e-01
9.0305429e-01
9.8318611e-01
9.1106712e-01
7.0966027e-01
4.1910586e-01
8.9084492e-02
-2.2799249e-01
-4.8492881e-01
-6.4904509e-01
-7.0930271e-01
-6.7711655e-01
-5.8001211e-01
-4.5061783e-01
-3.1462359e-01
-1.8185748e-01
-4.5121376e-02
1.1087522e-01
2.9406015e-01
4.9191467e-01
6.6949855e-01
7.8087802e-01
7.8785267e-01
6.7584875e-01
4.5948581e-01
1.7664794e-01
-1.2440976e-01
-3.9827628e-01
-6.1114789e-01
-7.4395130e-01
-7.9133764e-01
-7.5885917e-01
-6.5997410e-01
-5.1341379e-01
-3.4053395e-01
-1.6189524e-01
6.9126720e-03
1.5866657e-01
2.9508240e-01
4.2371708e-01
5.5196998e-01
6.7994978e-01
7.9478519e-01
8.6980350e-01
8.7116777e-01
7.7086661e-01
5.6065286e-01
2.6000466e-01
-8.6515354e-02
-4.2218952e-01
-6.9599613e-01
-8.7772518e-01
-9.6412786e-01
-9.7368038e-01
-9.3243467e-01
-8.5794474e-01
-7.4972752e-01
-5.9145489e-01
-3.6355699e-01
-5.9287877e-02
3.0375013e-01
6.8136539e-01
1.0103803e+00
1.2240016e+00
1.2711714e+00
1.1340477e+00
8.3680394e-01
4.4121610e-01
2.9117968e-02
-3.2299998e-01
-5.6729904e-01
-6.9513259e-01
-7.3028025e-01
-7.0966687e-01
-6.6208123e-01
-5.9491538e-01
-4.9395328e-01
-3.3471030e-01
-9.8971870e-02
2.1084139e-01
5.6478410e-01
9.0816815e-01
1.1727653e+00
1.2923614e+00
1.2184381e+00
9.3313164e-01
4.5640220e-01
-1.5560147e-01
-8.2030369e-01
-1.4420647e+00
-1.9252241e+00
-2.1859071e+00
-2.1636183e+00
-1.8336080e+00
-1.2185123e+00
-3.9422847e-01
5.1613603e-01
1.3632310e+00
2.0041313e+00
2.3374872e+00
2.3293041e+00
2.0197824e+00
1.5083333e+00
9.2212698e-01
3.7921181e-01
-4.1834346e-02
-3.1673969e-01
-4.7130523e-01
-5.6145891e-01
-6.4702479e-01
-7.7015227e-01
-9.4495440e-01
-1.1578548e+00
-1.3735589e+00
-1.5420651e+00
-1.6060940e+00
-1.5113243e+00
-1.2206431e+00
-7.2970811e-01
-7.8431249e-02
6.4712114e-01
1.3264522e+00
1.8308507e+00
2.0591987e+00
1.9713124e+00
1.6034383e+00
1.0569118e+00
4.6479334e-01
-4.8504947e-02
-3.9947520e-01
-5.6040591e-01
-5.5480145e-01
-4.3852258e-01
-2.7642366e-01
-1.2359511e-01
-1.6238595e-02
2.8033664e-02
5.4254470e-03
-7.7322201e-02
-2.0278922e-01
-3.4277145e-01
-4.6283863e-01
-5.3192028e-01
-5.3271926e-01
-4.6824024e-01
-3.6136593e-01
-2.4627708e-01
-1.5427072e-01
-1.0092736e-01
-8.1472396e-02
-7.5590230e-02
-5.7254088e-02
-4.1110071e-03
9.6286847e-02
2.4360460e-01
4.2517093e-01
6.2010187e-01
8.0572279e-01
9.6190696e-01
1.0693535e+00
1.1033669e+00
1.0302236e+00
8.1279287e-01
4.2604621e-01
-1.2368201e-01
-7.8531545e-01
-1.4636051e+00
-2.0357672e+00
-2.3797207e+00
-2.4056052e+00
-2.0811265e+00
-1.4422537e+00
-5.8499970e-01
3.5890211e-01
1.2531758e+00
1.9838643e+00
2.4742148e+00
2.6859422e+00
2.6105185e+00
2.2582507e+00
1.6539980e+00
8.4312388e-01
-9.7948244e-02
-1.0577946e+00
-1.9009231e+00
-2.4925460e+00
-2.7284545e+00
-2.5605480e+00
-2.0120527e+00
-1.1790003e+00
-2.1560673e-01
6.9661873e-01
1.3911957e+00
1.7588659e+00
1.7742363e+00
1.4957505e+00
1.0395722e+00
5.3896341e-01
1.0458629e-01
-2.0157609e-01
-3.7208602e-01
-4.4051195e-01
-4.5641779e-01
-4.6094954e-01
-4.7316506e-01
-4.8996844e-01
-4.9534722e-01
-4.7201365e-01
-4.1005547e-01
-3.1017185e-01
-1.8173028e-01
-3.7885793e-02
1.0876764e-01
2.4741964e-01
3.6771219e-01
4.5881469e-01
5.1100553e-01
5.1904004e-01
4.8438651e-01
4.1364666e-01
3.1378667e-01
1.8868711e-01
4.1461320e-02
-1.1796478e-01
-2.6625718e-01
-3.6857168e-01
-3.9108565e-01
-3.1798214e-01
-1.6259151e-01
3.4405685e-02
2.1942267e-01
3.4560775e-01
3.8732378e-01
3.4316039e-01
2.2917903e-01
6.9105196e-02
-1.1287973e-01
-2.9526952e-01
-4.5958467e-01
-5.8940841e-01
-6.6933198e-01
-6.8563658e-01
-6.3011410e-01
-5.0558938e-01
-3.2898433e-01
-1.2859099e-01
6.4089399e-02
2.2447179e-01
3.4249095e-01
4.2405931e-01
4.8550468e-01
5.4349152e-01
6.0483803e-01
6.6080183e-01
6.8902205e-01
6.6291015e-01
5.6415861e-01
3.9210715e-01
1.6559605e-01
-8.2786337e-02
-3.1686007e-01
-5.0728970e-01
-6.3835040e-01
-7.0815532e-01
-7.2237146e-01
-6.8525665e-01
-5.9408734e-01
-4.4141665e-01
-2.2421299e-01
4.6057374e-02
3.3860703e-01
6.0628347e-01
7.9507889e-01
8.5702382e-01
7.6280127e-01
5.1095204e-01
1.3176058e-01
-3.1472450e-01
-7.4654503e-01
-1.0743290e+00
-1.2226279e+00
-1.1535990e+00
-8.8288787e-01
-4.7733830e-01
-3.1424684e-02
3.6930525e-01
6.8043867e-01
9.0903755e-01
1.0952016e+00
1.2739590e+00
1.4384880e+00
1.5266348e+00
1.4419152e+00
1.1015396e+00
4.8657048e-01
-3.3406561e-01
-1.2184746e+00
-1.9955421e+00
-2.5145869e+00
-2.6811902e+00
-2.4717543e+00
-1.9298825e+00
-1.1508324e+00
-2.5860771e-01
6.2034590e-01
1.3807453e+00
1.9525272e+00
2.3025626e+00
2.4271295e+00
2.3408024e+00
2.0663167e+00
1.6284435e+00
1.0538798e+00
3.7672192e-01
-3.5455039e-01
-1.0741257e+00
-1.7034764e+00
-2.1634427e+00
-2.3904191e+00
-2.3517989e+00
-2.0560816e+00
-1.5537440e+00
-9.2691293e-01
-2.7002292e-01
3.3217280e-01
8.2126804e-01
1.1705432e+00
1.3784924e+00
1.4564821e+00
1.4186674e+00
1.2784531e+00
1.0504189e+00
7.5435608e-01
4.1840617e-01
7.8791176e-02
-2.2531875e-01
-4.6040512e-01
-6.0656172e-01
-6.6085676e-01
-6.3494844e-01
-5.4903712e-01
-4.2562399e-01
-2.8534561e-01
-1.4520256e-01
-1.8802869e-02
8.1899426e-02
1.4478756e-01
1.5788554e-01
1.1305695e-01
1.2056624e-02
-1.2804326e-01
-2.7376957e-01
-3.8154846e-01
-4.1117861e-01
-3.4137468e-01
-1.7994980e-01
3.6728426e-02
2.5584680e-01
4.2725919e-01
5.2073349e-01
5.3306785e-01
4.8325262e-01
4.0092120e-01
3.1503335e-01
2.4621895e-01
2.0260262e-01
1.7850194e-01
1.5673267e-01
1.1527786e-01
3.6660107e-02
-8.4289970e-02
-2.3809385e-01
-4.0391376e-01
-5.5571969e-01
-6.6872536e-01
-7.2460457e-01
-7.1403196e-01
-6.3587600e-01
-4.9500918e-01
-3.0186826e-01
-7.4254949e-02
1.6153439e-01
3.7351192e-01
5.3124011e-01
6.1429975e-01
6.1709845e-01
5.4774270e-01
4.2337679e-01
2.6609798e-01
1.0071247e-01
-4.7877320e-02
-1.5930254e-01
-2.2231373e-01
-2.3592785e-01
-2.0672621e-01
-1.4492330e-01
-6.1414690e-02
3.4059028e-02
1.3386512e-01
2.3147442e-01
3.1793214e-01
3.7878522e-01
3.9618713e-01
3.5677100e-01
2.5990420e-01
1.2011229e-01
-3.7474193e-02
-1.8515366e-01
-3.0099828e-01
-3.7618521e-01
-4.1891781e-01
-4.5095428e-01
-4.9545573e-01
-5.6129607e-01
-6.3335458e-01
-6.7582340e-01
-6.4745718e-01
-5.2038260e-01
-2.9279264e-01
9.6845940e-03
3.4257199e-01
6.5537833e-01
9.0328514e-01
1.0548047e+00
1.0942254e+00
1.0194712e+00
8.3863847e-01
5.6938677e-01
2.4221634e-01
-9.6848066e-02
-3.9094769e-01
-5.8653338e-01
-6.5106464e-01
-5.8476828e-01
-4.2045651e-01
-2.1207120e-01
-1.7692844e-02
1.1572861e-01
1.6057892e-01
1.0860810e-01
-3.3568717e-02
-2.4726501e-01
-4.9910511e-01
-7.3634405e-01
-8.8915753e-01
-8.8714088e-01
-6.8788229e-01
-3.0464660e-01
1.8410704e-01
6.5390067e-01
9.7758330e-01
1.0740790e+00
9.3946900e-01
6.4591018e-01
3.1032276e-01
4.9022160e-02
-6.1792327e-02
-6.4412090e-03
1.7206311e-01
3.9135543e-01
5.5821683e-01
5.9792982e-01
4.7701652e-01
2.1220905e-01
-1.3847665e-01
-4.9914965e-01
-8.0279063e-01
-1.0087641e+00
-1.1051692e+00
-1.0995035e+00
-1.0062255e+00
-8.3859892e-01
-6.0740294e-01
-3.2438300e-01
-6.5382359e-03
3.2136591e-01
6.2714113e-01
8.7521394e-01
1.0341717e+00
1.0850044e+00
1.0259011e+00
8.7150246e-01
6.4786471e-01
3.8570039e-01
1.1381642e-01
-1.4553411e-01
-3.7774215e-01
-5.7338521e-01
-7.2438520e-01
-8.2144292e-01
-8.5426115e-01
-8.1440518e-01
-6.9903968e-01
-5.1321321e-01
-2.6990215e-01
1.0868160e-02
3.0266750e-01
5.7392050e-01
7.9129260e-01
9.2497423e-01
9.5404909e-01
8.7084516e-01
6.8434795e-01
4.2147053e-01
1.2321190e-01
-1.6507747e-01
-4.0533040e-01
-5.7454639e-01
-6.6605769e-01
-6.8609489e-01
-6.4904148e-01
-5.7285955e-01
-4.7432765e-01
-3.6465859e-01
-2.4786890e-01
-1.2338170e-01
9.1202223e-03
1.4644946e-01
2.8178894e-01
4.0562631e-01
5.0569692e-01
5.6712976e-01
5.7525445e-01
5.2068449e-01
4.0352528e-01
2.3434650e-01
3.2187906e-02
-1.7851981e-01
-3.7070593e-01
-5.1750009e-01
-5.9618237e-01
-5.9257360e-01
-5.0395142e-01
-3.3959228e-01
-1.1942471e-01
1.2865889e-01
3.7271334e-01
5.8138731e-01
7.2806836e-01
7.9359304e-01
7.6772387e-01
6.4992903e-01
4.4947369e-01
1.8459091e-01
-1.1929015e-01
-4.3190098e-01
-7.2053498e-01
-9.5270074e-01
-1.1001397e+00
-1.1444211e+00
-1.0819759e+00
-9.2521624e-01
-6.9790901e-01
-4.2647920e-01
-1.3173785e-01
1.7476531e-01
4.8837595e-01
8.0434896e-01
1.1092805e+00
1.3746767e+00
1.5563831e+00
1.6028752e+00
1.4724551e+00
1.1537476e+00
6.7919998e-01
1.2232760e-01
-4.2256282e-01
-8.6924969e-01
-1.1639631e+00
-1.2963325e+00
-1.2948084e+00
-1.2094109e+00
-1.0885076e+00
-9.5888008e-01
-8.1714861e-01
-6.3596216e-01
-3.8285213e-01
-4.4399704e-02
3.5564039e-01
7.5493274e-01
1.0709787e+00
1.2315764e+00
1.2025490e+00
9.9960220e-01
6.8001539e-01
3.1988503e-01
-1.1887212e-02
-2.7209849e-01
-4.4791330e-01
-5.4827198e-01
-5.8944500e-01
-5.8372312e-01
-5.3526866e-01
-4.4192220e-01
-3.0095692e-01
-1.1717464e-01
9.0401250e-02
2.8890958e-01
4.4159291e-01
5.2290262e-01
5.3046823e-01
4.8715978e-01
4.3090247e-01
3.9554701e-01
3.9135408e-01
3.9549784e-01
3.5934745e-01
2.3077821e-01
-1.8976565e-02
-3.7714818e-01
-7.8805392e-01
-1.1678800e+00
-1.4283477e+00
-1.5004711e+00
-1.3521874e+00
-9.9691207e-01
-4.9169906e-01
7.5333534e-02
6.0607755e-01
1.0162497e+00
1.2546188e+00
1.3117349e+00
1.2155744e+00
1.0163012e+00
7.6724401e-01
5.1035178e-01
2.7056483e-01
5.8365574e-02
-1.2359512e-01
-2.7464183e-01
-3.9363744e-01
-4.7913022e-01
-5.2970435e-01
-5.4348998e-01
-5.1805516e-01
-4.5241524e-01
-3.5062698e-01
-2.2396387e-01
-8.9538135e-02
3.3478176e-02
1.2738889e-01
1.7816288e-01
1.7703240e-01
1.2246880e-01
2.2535986e-02
-1.0376731e-01
-2.2815175e-01
-3.1816022e-01
-3.4424796e-01
-2.8698014e-01
-1.4309637e-01
7.0966225e-02
3.2002958e-01
5.5690117e-01
7.3368387e-01
8.1359113e-01
7.7877216e-01
6.3262368e-01
3.9805969e-01
1.1296349e-01
-1.7749473e-01
-4.3095895e-01
-6.1692300e-01
-7.2086682e-01
-7.4260833e-01
-6.9138366e-01
-5.8129922e-01
-4.2889204e-01
-2.5171462e-01
-6.6357007e-02
1.1374865e-01
2.7900138e-01
4.2212439e-01
5.3576325e-01
6.1075757e-01
6.3587589e-01
5.9976351e-01
4.9568957e-01
3.2786535e-01
1.1572131e-01
-1.0784804e-01
-3.0538347e-01
-4.4730706e-01
-5.2141212e-01
-5.3472940e-01
-5.0805255e-01
-4.6658297e-01
-4.2991462e-01
-4.0389779e-01
-3.7731574e-01
-3.2551184e-01
-2.2013825e-01
-4.1502370e-02
2.1048093e-01
5.0962414e-01
8.0321575e-01
1.0204737e+00
1.0909343e+00
9.6970039e-01
6.6034895e-01
2.2313005e-01
-2.3915546e-01
-6.1369036e-01
-8.1466833e-01
-8.0929073e-01
-6.2345314e-01
-3.2702899e-01
-6.7789461e-03
2.6070556e-01
4.2538318e-01
4.6622550e-01
3.8460135e-01
1.9684122e-01
-6.8389363e-02
-3.6840699e-01
-6.4617795e-01
-8.3709136e-01
-8.8368276e-01
-7.5387871e-01
-4.5617407e-01
-4.5354666e-02
3.8641954e-01
7.3461279e-01
9.1679647e-01
9.0176687e-01
7.1832795e-01
4.3943518e-01
1.5122030e-01
-7.7190114e-02
-2.1112982e-01
-2.5176272e-01
-2.2491718e-01
-1.6428006e-01
-9.6341671e-02
-3.3005910e-02
2.5546464e-02
8.0225941e-02
1.2200202e-01
1.2871996e-01
7.3345788e-02
-5.9733042e-02
-2.5902693e-01
-4.8085366e-01
-6.5980241e-01
-7.3027930e-01
-6.4877669e-01
-4.0861472e-01
-4.4040080e-02
3.7683358e-01
7.6916100e-01
1.0537888e+00
1.1769641e+00
1.1210137e+00
9.0462540e-01
5.7446793e-01
1.9089985e-01
-1.8773595e-01
-5.1670844e-01
-7.6947101e-01
-9.3637565e-01
-1.0201284e+00
-1.0295724e+00
-9.7307344e-01
-8.5408570e-01
-6.7206429e-01
-4.2957389e-01
-1.4207265e-01
1.5639444e-01
4.1767438e-01
5.9477978e-01
6.6093304e-01
6.2160872e-01
5.1303524e-01
3.8888736e-01
3.0173160e-01
2.8587390e-01
3.4690637e-01
4.6124837e-01
5.8580097e-01
6.7423726e-01
6.9376467e-01
6.3598743e-01
5.1795898e-01
3.7312916e-01
2.3560010e-01
1.2394183e-01
3.1389710e-02
-7.2726507e-02
-2.2982457e-01
-4.7251774e-01
-8.0740273e-01
-1.2069897e+00
-1.6129582e+00
-1.9491205e+00
-2.1398502e+00
-2.1282950e+00
-1.8892370e+00
-1.4339315e+00
-8.0739706e-01
-8.0498453e-02
6.6137480e-01
1.3324724e+00
1.8621897e+00
2.2075819e+00
2.3578045e+00
2.3288953e+00
2.1520741e+00
1.8613916e+00
1.4865526e+00
1.0535809e+00
5.9050983e-01
1.3181757e-01
-2.8339603e-01
-6.2035070e-01
-8.6101318e-01
-1.0130849e+00
-1.1083680e+00
-1.1879136e+00
-1.2799065e+00
-1.3825616e+00
-1.4619319e+00
-1.4653249e+00
-1.3429839e+00
-1.0686197e+00
-6.5200463e-01
-1.4026778e-01
3.9274534e-01
8.6609554e-01
1.2130184e+00
1.3951851e+00
1.4057975e+00
1.2641228e+00
1.0066998e+00
6.7849939e-01
3.2556276e-01
-9.9181425e-03
-2.9264338e-01
-4.9690143e-01
-6.0903794e-01
-6.2866486e-01
-5.6830434e-01
-4.5154086e-01
-3.0902960e-01
-1.7194356e-01
-6.4334556e-02
2.5067157e-03
3.1010478e-02
3.3090793e-02
2.2956176e-02
1.1085110e-02
2.5827410e-03
-3.0165435e-04
5.7190259e-03
2.7585044e-02
7.5583785e-02
1.5945151e-01
2.8214740e-01
4.3470073e-01
5.9549384e-01
7.3473580e-01
8.2184016e-01
8.3219142e-01
7.5106162e-01
5.7480979e-01
3.1065575e-01
-2.4235709e-02
-4.0434585e-01
-7.9777842e-01
-1.1678065e+00
-1.4740739e+00
-1.6753759e+00
-1.7356008e+00
-1.6315426e+00
-1.3597232e+00
-9.4037774e-01
-4.1761281e-01
1.4578686e-01
6.7986405e-01
1.1225292e+00
1.4316983e+00
1.5894811e+00
1.5987696e+00
1.4766408e+00
1.2489516e+00
9.4739042e-01
6.0708587e-01
2.6269394e-01
-5.6497362e-02
-3.2981396e-01
-5.4488474e-01
-6.9454031e-01
-7.7366476e-01
-7.7841348e-01
-7.0830503e-01
-5.6980767e-01
-3.7919979e-01
-1.6276519e-01
4.6577455e-02
2.1540444e-01
3.1652163e-01
3.3452371e-01
2.6933289e-01
1.3681843e-01
-3.4207488e-02
-2.0801826e-01
-3.4956950e-01
-4.3217654e-01
-4.4340106e-01
-3.8718079e-01
-2.8148078e-01
-1.5226392e-01
-2.5407971e-02
8.1323365e-02
1.6372013e-01
2.3122848e-01
3.0017520e-01
3.8239401e-01
4.7553558e-01
5.6078820e-01
6.0868682e-01
5.8947891e-01
4.8392362e-01
2.9150136e-01
3.3826630e-02
-2.4854830e-01
-5.0632666e-01
-6.9536646e-01
-7.8780545e-01
-7.7568704e-01
-6.6808743e-01
-4.8634761e-01
-2.6019775e-01
-2.3722941e-02
1.9063255e-01
3.5911353e-01
4.7147156e-01
5.3102522e-01
5.5025767e-01
5.4389384e-01
5.2127186e-01
4.8049765e-01
4.0804051e-01
2.8572140e-01
1.0261312e-01
-1.3405974e-01
-3.9501205e-01
-6.3483575e-01
-8.0568410e-01
-8.7241916e-01
-8.2255213e-01
-6.6810811e-01
-4.4096892e-01
-1.8459067e-01
5.6237223e-02
2.4632185e-01
3.6871033e-01
4.2698252e-01
4.3963363e-01
4.2969834e-01
4.1504123e-01
4.0289318e-01
3.8934568e-01
3.6307399e-01
3.1158977e-01
2.2736190e-01
1.1172047e-01
-2.3722123e-02
-1.5786652e-01
-2.6385508e-01
-3.1632926e-01
-3.0068474e-01
-2.2076353e-01
-1.0119108e-01
1.7768721e-02
9.1844058e-02
8.7050696e-02
-7.7984542e-03
-1.7424390e-01
-3.6615114e-01
-5.2131980e-01
-5.7984159e-01
-5.0379663e-01
-2.9204009e-01
1.5630711e-02
3.4788818e-01
6.2302972e-01
7.7479639e-01
7.7273271e-01
6.2909553e-01
3.9075410e-01
1.2084283e-01
-1.2152807e-01
-2.9559225e-01
-3.8407632e-01
-3.9154511e-01
-3.3992025e-01
-2.6245379e-01
-1.9488780e-01
-1.6404447e-01
-1.7793027e-01
-2.2260734e-01
-2.6796016e-01
-2.7976105e-01
-2.3258858e-01
-1.1888108e-01
4.7928289e-02
2.3675002e-01
4.0840600e-01
5.2865754e-01
5.7921691e-01
5.6169978e-01
4.9323355e-01
3.9702649e-01
2.9330023e-01
1.9416743e-01
1.0279622e-01
1.5641015e-02
-7.3397555e-02
-1.6810477e-01
-2.6622468e-01
-3.5859047e-01
-4.3167568e-01
-4.7293320e-01
-4.7689351e-01
-4.4851189e-01
-4.0079724e-01
-3.4717970e-01
-2.9290256e-01
-2.3074335e-01
-1.4395199e-01
-1.5729216e-02
1.5838123e-01
3.6106711e-01
5.5280065e-01
6.8256833e-01
7.0603987e-01
6.0340928e-01
3.8902668e-01
1.0845982e-01
-1.7589600e-01
-4.0486266e-01
-5.4010250e-01
-5.7189348e-01
-5.1438224e-01
-3.9296714e-01
-2.3252793e-01
-5.2369004e-02
1.3247058e-01
3.0748150e-01
4.5625582e-01
5.6135939e-01
6.0827325e-01
5.9003258e-01
5.0959862e-01
3.7847464e-01
2.1249532e-01
2.7430008e-02
-1.6311402e-01
-3.4680057e-01
-5.1024811e-01
-6.3821402e-01
-7.1610563e-01
-7.3438028e-01
-6.9145105e-01
-5.9324368e-01
-4.5030923e-01
-2.7454328e-01
-7.7071750e-02
1.3203283e-01
3.4225117e-01
5.3987252e-01
7.0540399e-01
8.1368644e-01
8.3869376e-01
7.6202014e-01
5.8148693e-01
3.1607652e-01
4.7158380e-03
-3.0137853e-01
-5.5051323e-01
-7.0262764e-01
-7.3785401e-01
-6.5876614e-01
-4.8581790e-01
-2.4912743e-01
1.8027822e-02
2.8145117e-01
5.0649572e-01
6.6031151e-01
7.1658152e-01
6.6130547e-01
4.9779511e-01
2.4880362e-01
-4.6287707e-02
-3.3961143e-01
-5.8566642e-01
-7.5064119e-01
-8.1716025e-01
-7.8400550e-01
-6.6252666e-01
-4.7233858e-01
-2.3807160e-01
1.3208867e-02
2.5529460e-01
4.6636949e-01
6.3044042e-01
7.3588057e-01
7.7357005e-01
7.3747152e-01
6.2736082e-01
4.5119543e-01
2.2554230e-01
-2.5968030e-02
-2.7579362e-01
-4.9644544e-01
-6.6396421e-01
-7.6007968e-01
-7.7308907e-01
-6.9814182e-01
-5.3825057e-01
-3.0675607e-01
-2.9526021e-02
2.5638401e-01
5.0908362e-01
6.9114461e-01
7.7787016e-01
7.6152916e-01
6.5085560e-01
4.6696194e-01
2.3745697e-01
-9.5392861e-03
-2.4951322e-01
-4.6222781e-01
-6.2998154e-01
-7.3666257e-01
-7.6936066e-01
-7.2131224e-01
-5.9410967e-01
-3.9827816e-01
-1.5235835e-01
1.1898774e-01
3.8723159e-01
6.2234258e-01
7.9557355e-01
8.8300493e-01
8.6977537e-01
7.5431748e-01
5.5090505e-01
2.8838464e-01
4.5109671e-03
-2.6232016e-01
-4.8125282e-01
-6.3461802e-01
-7.1876287e-01
-7.3941617e-01
-7.0464077e-01
-6.2016190e-01
-4.8906586e-01
-3.1424663e-01
-1.0160153e-01
1.3663285e-01
3.7911898e-01
5.9512350e-01
7.4849891e-01
8.0605871e-01
7.4803542e-01
5.7633831e-01
3.1671155e-01
1.3626979e-02
-2.8050297e-01
-5.1834575e-01
-6.6838781e-01
-7.1961576e-01
-6.7906557e-01
-5.6439215e-01
-3.9583553e-01
-1.9162704e-01
3.2256399e-02
2.6012815e-01
4.7477619e-01
6.5684469e-01
7.8593812e-01
8.4380834e-01
8.1889978e-01
7.0991788e-01
5.2588951e-01
2.8249958e-01
-2.7317530e-03
-3.1320886e-01
-6.3208494e-01
-9.3759320e-01
-1.1977320e+00
-1.3682588e+00
-1.3973714e+00
-1.2387195e+00
-8.7103342e-01
-3.1783406e-01
3.4283305e-01
9.8759263e-01
1.4778339e+00
1.7020114e+00
1.6133075e+00
1.2463615e+00
7.0599174e-01
1.3266948e-01
-3.4208936e-01
-6.3441649e-01
-7.2745409e-01
-6.6551857e-01
-5.2752846e-01
-3.9235610e-01
-3.1044643e-01
-2.9100347e-01
-3.0609921e-01
-3.0702957e-01
-2.4621248e-01
-9.7976199e-02
1.2842387e-01
3.8890130e-01
6.1862426e-01
7.5501937e-01
7.6030071e-01
6.3386800e-01
4.0970994e-01
1.4124725e-01
-1.1871290e-01
-3.3411900e-01
-4.9173689e-01
-5.9637844e-01
-6.5999812e-01
-6.9106341e-01
-6.8834029e-01
-6.4039180e-01
-5.3059571e-01
-3.4632636e-01
-8.9263042e-02
2.1768601e-01
5.3121372e-01
7.9747084e-01
9.6699150e-01
1.0076686e+00
9.1104155e-01
6.9196181e-01
3.8406839e-01
3.3035225e-02
-3.1114198e-01
-6.0179714e-01
-8.0227002e-01
-8.9047185e-01
-8.6037250e-01
-7.2052081e-01
-4.9087398e-01
-1.9959924e-01
1.1928414e-01
4.2816587e-01
6.8945865e-01
8.7069807e-01
9.4965696e-01
9.1793643e-01
7.8196074e-01
5.6078655e-01
2.8189092e-01
-2.2585962e-02
-3.1867149e-01
-5.7455343e-01
-7.6653544e-01
-8.8434530e-01
-9.3199585e-01
-9.2245709e-01
-8.6817862e-01
-7.7248598e-01
-6.2696391e-01
-4.1725738e-01
-1.3548802e-01
2.0658504e-01
5.7070652e-01
8.9592257e-01
1.1130285e+00
1.1656893e+00
1.0308929e+00
7.2987725e-01
3.2416170e-01
-1.0108683e-01
-4.5928981e-01
-6.8394831e-01
-7.4441524e-01
-6.5121622e-01
-4.4870490e-01
-1.9780098e-01
4.4545240e-02
2.4166766e-01
3.8356209e-01
4.8157540e-01
5.5514007e-01
6.1797000e-01
6.6992526e-01
6.9657879e-01
6.7506738e-01
5.8270753e-01
4.0406064e-01
1.3413992e-01
-2.2054958e-01
-6.3988156e-01
-1.0863635e+00
-1.5026853e+00
-1.8147167e+00
-1.9432665e+00
-1.8244183e+00
-1.4332229e+00
-8.0261241e-01
-2.9047980e-02
7.4258052e-01
1.3567636e+00
1.6973059e+00
1.7268199e+00
1.4951461e+00
1.1136355e+00
7.1034667e-01
3.8643387e-01
1.8857665e-01
1.0440956e-01
8.0115415e-02
5.1687249e-02
-2.3777005e-02
-1.5036695e-01
-2.9680102e-01
-4.1784279e-01
-4.8083098e-01
-4.8289626e-01
-4.5125922e-01
-4.2793382e-01
-4.4632058e-01
-5.0995854e-01
-5.8371597e-01
-6.0383114e-01
-5.0446391e-01
-2.4886569e-01
1.4967337e-01
6.2584410e-01
1.0783106e+00
1.3965630e+00
1.4908213e+00
1.3181026e+00
8.9722862e-01
3.0615675e-01
-3.3947321e-01
-9.1866308e-01
-1.3349839e+00
-1.5338223e+00
-1.5047104e+00
-1.2732867e+00
-8.8980165e-01
-4.1889872e-01
6.9165389e-02
5.0802429e-01
8.4549608e-01
1.0514344e+00
1.1190771e+00
1.0585665e+00
8.8666255e-01
6.2042474e-01
2.8016204e-01
-1.0076849e-01
-4.6879383e-01
-7.5553727e-01
-8.9767997e-01
-8.6189423e-01
-6.6051618e-01
-3.4910770e-01
-7.9164438e-03
2.8312008e-01
4.6594837e-01
5.1700739e-01
4.4919199e-01
3.0363368e-01
1.3401651e-01
-1.1058048e-02
-1.0110712e-01
-1.2842374e-01
-1.0505959e-01
-5.5051680e-02
-4.7144249e-03
2.6192285e-02
2.9384051e-02
7.0476053e-03
-3.3868852e-02
-8.7021162e-02
-1.4675974e-01
-2.0347721e-01
-2.4011804e-01
-2.3532624e-01
-1.7301492e-01
-5.2388568e-02
1.0846834e-01
2.7767317e-01
4.1992749e-01
5.0712065e-01
5.2538889e-01
4.7642354e-01
3.7323529e-01
2.3372265e-01
7.5942956e-02
-8.3805740e-02
-2.3166563e-01
-3.5741881e-01
-4.5627932e-01
-5.2955727e-01
-5.8251223e-01
-6.2019353e-01
-6.4409110e-01
-6.5084790e-01
-6.3166984e-01
-5.7191817e-01
-4.5317142e-01
-2.5993368e-01
1.0526633e-02
3.4026949e-01
6.8996934e-01
1.0071194e+00
1.2394832e+00
1.3469864e+00
1.3079095e+00
1.1208818e+00
8.0590328e-01
4.0446969e-01
-2.3938126e-02
-4.1121893e-01
-6.9505211e-01
-8.3414032e-01
-8.1892855e-01
-6.7406613e-01
-4.5148894e-01
-2.1567376e-01
-2.5651628e-02
7.9729409e-02
8.8305415e-02
1.2056471e-02
-1.2163041e-01
-2.8077954e-01
-4.3802625e-01
-5.7527150e-01
-6.8186969e-01
-7.4709445e-01
-7.5210596e-01
-6.6873134e-01
-4.6822899e-01
-1.3628969e-01
3.1272477e-01
8.2816647e-01
1.3260985e+00
1.7051191e+00
1.8730148e+00
1.7759285e+00
1.4182298e+00
8.6412342e-01
2.1962451e-01
-3.9820760e-01
-8.9262192e-01
-1.2075365e+00
-1.3319649e+00
-1.2914881e+00
-1.1333521e+00
-9.1095653e-01
-6.7148375e-01
-4.4839068e-01
-2.5872961e-01
-1.0445530e-01
2.3412801e-02
1.3913983e-01
2.5604638e-01
3.8026056e-01
5.0622580e-01
6.1675481e-01
6.8856840e-01
7.0100602e-01
6.4426668e-01
5.2416991e-01
3.6135262e-01
1.8452831e-01
2.0453919e-02
-1.1456732e-01
-2.1768051e-01
-2.9641976e-01
-3.6243422e-01
-4.2557700e-01
-4.8983209e-01
-5.5048445e-01
-5.9253794e-01
-5.9243571e-01
-5.2493194e-01
-3.7359031e-01
-1.4026710e-01
1.5089070e-01
4.5665667e-01
7.2394475e-01
9.0214949e-01
9.5536188e-01
8.7145831e-01
6.6541713e-01
3.7525436e-01
5.1433461e-02
-2.5624676e-01
-5.0901662e-01
-6.8374598e-01
-7.7231322e-01
-7.7766692e-01
-7.0845601e-01
-5.7476430e-01
-3.8745807e-01
-1.6094757e-01
8.3936226e-02
3.2030425e-01
5.1919878e-01
6.5466811e-01
7.0760381e-01
6.6870110e-01
5.4170070e-01
3.4565028e-01
1.1322592e-01
-1.1619580e-01
-3.0668653e-01
-4.3458894e-01
-4.9179239e-01
-4.8297212e-01
-4.2016597e-01
-3.1807502e-01
-1.9101369e-01
-5.1628227e-02
8.8056285e-02
2.1397419e-01
3.0859020e-01
3.5332726e-01
3.3444961e-01
2.4915027e-01
1.0889517e-01
-6.0369102e-02
-2.2075639e-01
-3.2904879e-01
-3.4849725e-01
-2.6302174e-01
-8.7365927e-02
1.3288867e-01
3.3320313e-01
4.4989959e-01
4.4051745e-01
2.9785557e-01
5.3633612e-02
-2.2968618e-01
-4.7737688e-01
-6.2498421e-01
-6.3551094e-01
-5.0498186e-01
-2.5777408e-01
6.2155802e-02
3.9968446e-01
6.9619996e-01
8.9783153e-01
9.6441946e-01
8.7770847e-01
6.4643107e-01
3.0621909e-01
-8.6677092e-02
-4.6708202e-01
-7.7487261e-01
-9.6664665e-01
-1.0218661e+00
-9.4388481e-01
-7.5814980e-01
-5.0793735e-01
-2.4592943e-01
-2.1601202e-02
1.3213058e-01
2.0812091e-01
2.2645816e-01
2.2717828e-01
2.5591268e-01
3.4619018e-01
5.0367884e-01
6.9844214e-01
8.7020422e-01
9.4771482e-01
8.7656093e-01
6.4354626e-01
2.8567290e-01
-1.2105816e-01
-4.8813845e-01
-7.4455875e-01
-8.5769000e-01
-8.3798687e-01
-7.2843193e-01
-5.8476212e-01
-4.5413018e-01
-3.6006012e-01
-2.9952475e-01
-2.5182534e-01
-1.9220318e-01
-1.0224927e-01
2.5655988e-02
1.8810337e-01
3.7267517e-01
5.6134966e-01
7.3380446e-01
8.6895721e-01
9.4536140e-01
9.4289011e-01
8.4655665e-01
6.5102123e-01
3.6421325e-01
8.8376319e-03
-3.7934969e-01
-7.5621351e-01
-1.0754286e+00
-1.2955136e+00
-1.3872920e+00
-1.3396589e+00
-1.1607757e+00
-8.7417568e-01
-5.1234860e-01
-1.1090652e-01
2.9516799e-01
6.7313886e-01
9.9274647e-01
1.2263548e+00
1.3502747e+00
1.3479909e+00
1.2152790e+00
9.6535902e-01
6.3011754e-01
2.5467731e-01
-1.1257045e-01
-4.2938945e-01
-6.6548878e-01
-8.0499740e-01
-8.4686276e-01
-8.0349993e-01
-6.9753049e-01
-5.5690885e-01
-4.0945294e-01
-2.7803262e-01
-1.7684141e-01
-1.0824018e-01
-6.0934065e-02
-1.2567978e-02
6.1358120e-02
1.7512042e-01
3.2313306e-01
4.7832567e-01
5.9997204e-01
6.4796176e-01
5.9763972e-01
4.4940066e-01
2.2980465e-01
-1.5872221e-02
-2.3734260e-01
-3.9491501e-01
-4.7109595e-01
-4.7323320e-01
-4.2655202e-01
-3.6165029e-01
-3.0214495e-01
-2.5681748e-01
-2.1838295e-01
-1.6871422e-01
-8.7943488e-02
3.6611073e-02
2.0487455e-01
4.0267756e-01
6.0387282e-01
7.7454347e-01
8.7835260e-01
8.8329328e-01
7.7011961e-01
5.4028483e-01
2.1897272e-01
-1.4952728e-01
-5.1201519e-01
-8.1722098e-01
-1.0244274e+00
-1.1101289e+00
-1.0726339e+00
-9.3233678e-01
-7.2550340e-01
-4.9258843e-01
-2.6558470e-01
-5.9586942e-02
1.2850913e-01
3.1386501e-01
5.1189277e-01
7.2521363e-01
9.3580451e-01
1.1070812e+00
1.1954199e+00
1.1656445e+00
1.0035009e+00
7.2028593e-01
3.4912199e-01
-6.3794122e-02
-4.6882156e-01
-8.2078865e-01
-1.0841989e+00
-1.2361426e+00
-1.2684679e+00
-1.1896193e+00
-1.0235050e+00
-8.0256594e-01
-5.5675059e-01
-3.0430955e-01
-4.9694959e-02
2.1038461e-01
4.7623220e-01
7.3582841e-01
9.6239587e-01
1.1206687e+00
1.1787344e+00
1.1193959e+00
9.4604531e-01
6.8158482e-01
3.6234223e-01
3.0601165e-02
-2.7162535e-01
-5.0764028e-01
-6.5134370e-01
-6.9274091e-01
-6.4126576e-01
-5.2390540e-01
-3.7754851e-01
-2.3855631e-01
-1.3364349e-01
-7.4276084e-02
-5.5367607e-02
-5.9059334e-02
-6.2833036e-02
-4.8393260e-02
-7.6564961e-03
5.5372467e-02
1.2650262e-01
