-4.3447288e-02
5.8411951e-02
1.1659738e-01
9.9991548e-02
1.3857695e-03
-1.2447032e-01
-2.1442496e-01
-2.3208978e-01
-1.7300612e-01
-4.8544257e-02
1.2908258e-01
3.1356450e-01
4.5812371e-01
5.5018053e-01
5.6198541e-01
4.7215588e-01
3.3613300e-01
2.0710106e-01
3.2655961e-02
-1.7877234e-01
-2.9719412e-01
-2.7052853e-01
-1.3145370e-01
1.8671542e-02
9.2592172e-02
1.2261394e-01
9.2038324e-02
-2.2308910e-02
-1.2919385e-01
-1.7150257e-01
-1.8216372e-01
-1.8731579e-01
-1.7387256e-01
-1.3982026e-01
-1.0178718e-01
-6.6804992e-02
-3.0745186e-02
-2.5469779e-02
-7.8066251e-02
-1.3999359e-01
-1.7821656e-01
-2.0522778e-01
-2.1881113e-01
-1.7121780e-01
-2.1599831e-02
2.0595916e-01
4.3479586e-01
5.6333813e-01
5.4608653e-01
3.8804019e-01
1.4101829e-01
-8.9762514e-02
-2.4281303e-01
-3.1099926e-01
-3.0415614e-01
-2.4195060e-01
-1.5172640e-01
-4.3670662e-02
5.7394355e-02
1.0762643e-01
1.0810628e-01
1.1291316e-02
-1.8589772e-01
-3.3747145e-01
-3.6990947e-01
-3.0281398e-01
-1.3797192e-01
8.3198437e-02
2.7539295e-01
3.9524287e-01
4.5819313e-01
4.6457102e-01
3.7143765e-01
1.7117957e-01
-5.6582495e-02
-2.0679291e-01
-2.7771040e-01
-3.4262797e-01
-4.3317648e-01
-5.1101219e-01
-5.0241196e-01
-3.6770065e-01
-1.2663932e-01
1.4144903e-01
3.6754303e-01
5.3971987e-01
6.5077646e-01
7.1336827e-01
7.4379385e-01
7.0832907e-01
5.8462035e-01
3.8062252e-01
9.4362270e-02
-2.1819562e-01
-4.4960649e-01
-5.6624516e-01
-5.9641584e-01
-5.5428388e-01
-4.3893765e-01
-2.7675604e-01
-1.0957545e-01
3.9971104e-02
1.2793902e-01
1.3687073e-01
1.1166892e-01
8.0723727e-02
5.3809291e-02
5.4400053e-02
6.6993394e-02
2.7799432e-02
-6.6338275e-02
-1.7606887e-01
-2.7568387e-01
-3.4427811e-01
-3.8630178e-01
-4.1518158e-01
-4.2153967e-01
-3.6327503e-01
-2.0143178e-01
4.0909603e-02
3.1425441e-01
5.6215969e-01
7.1599183e-01
7.3930006e-01
6.3818681e-01
5.0174683e-01
3.8633176e-01
2.4483757e-01
6.7084529e-02
-1.2586831e-01
-3.2242951e-01
-4.9955664e-01
-6.1264404e-01
-6.3971299e-01
-6.0943231e-01
-5.3563237e-01
-3.9591135e-01
-1.7170602e-01
6.7283785e-02
2.2008406e-01
2.9299414e-01
3.4094947e-01
4.0249215e-01
4.6074347e-01
4.5743689e-01
3.9227488e-01
3.1915042e-01
2.5317574e-01
1.7001373e-01
8.5877506e-02
4.3636228e-02
4.2131122e-02
1.4283769e-02
-6.6037606e-02
-1.5408629e-01
-2.3031543e-01
-2.8995115e-01
-3.1489936e-01
-3.1139086e-01
-3.1654761e-01
-3.5267395e-01
-3.9470365e-01
-3.8969843e-01
-3.1397487e-01
-1.8414560e-01
-2.2557777e-02
1.3906039e-01
2.5892747e-01
2.8122259e-01
1.7832610e-01
2.3241276e-02
-1.1187783e-01
-1.8540235e-01
-1.1963871e-01
6.0446824e-02
2.5041297e-01
4.2272878e-01
5.5771659e-01
6.2145987e-01
5.9781569e-01
4.6489001e-01
2.3169972e-01
-1.3717007e-02
-1.8282844e-01
-2.7803801e-01
-3.3710783e-01
-3.5343255e-01
-3.1475004e-01
-2.4479449e-01
-1.4430616e-01
-5.7727453e-02
-7.1340720e-02
-1.3542321e-01
-1.4620929e-01
-9.8738650e-02
-7.1586948e-03
1.0305581e-01
1.6779924e-01
1.8404627e-01
1.7034332e-01
1.2901150e-01
5.1888947e-02
-5.7327674e-02
-1.2204607e-01
-1.2014430e-01
-9.3201197e-02
-3.0102211e-02
2.5530770e-02
-1.4685468e-02
-1.0063538e-01
-1.4902388e-01
-1.2256799e-01
3.0940462e-03
1.8423132e-01
3.4565277e-01
4.3147092e-01
3.7906738e-01
2.0264399e-01
2.5345004e-02
-1.1975170e-01
-2.6122097e-01
-3.7103496e-01
-4.1482064e-01
-4.0044239e-01
-3.5165310e-01
-2.7076947e-01
-1.5820831e-01
-4.0531257e-02
3.4824445e-02
6.9884555e-02
1.1196261e-01
1.4587307e-01
1.2121039e-01
8.3611938e-02
1.0664347e-01
2.1258095e-01
3.6518942e-01
4.5391586e-01
4.1811579e-01
2.9611001e-01
1.5649215e-01
4.3852962e-02
-6.5079040e-02
-1.9193397e-01
-2.9885268e-01
-3.6963986e-01
-4.0528624e-01
-3.7363765e-01
-2.6862601e-01
-1.9495665e-01
-2.3804454e-01
-3.0811327e-01
-3.0400697e-01
-2.0257644e-01
-1.6971496e-02
2.2874191e-01
4.8610685e-01
6.6305536e-01
7.3395359e-01
7.2987518e-01
6.2725503e-01
3.8815910e-01
5.8847262e-02
-2.5694386e-01
-4.8920556e-01
-6.3221501e-01
-7.0825547e-01
-7.1644703e-01
-6.3572465e-01
-4.6431841e-01
-2.2775171e-01
6.6018208e-02
3.9183086e-01
6.4114898e-01
7.6096499e-01
7.8965831e-01
7.4200168e-01
6.2181379e-01
4.0973082e-01
1.1386786e-01
-1.7381836e-01
-3.9264490e-01
-5.2920967e-01
-5.8609736e-01
-6.0705965e-01
-6.2642253e-01
-6.3229205e-01
-5.8808364e-01
-4.7226393e-01
-2.9059990e-01
-5.4752067e-02
2.2991016e-01
5.3980593e-01
7.9815765e-01
9.3651219e-01
9.2880716e-01
7.5994109e-01
4.6453820e-01
1.1616624e-01
-2.0894078e-01
-4.5040867e-01
-5.9294295e-01
-6.4101607e-01
-6.2102153e-01
-5.6503646e-01
-4.7281639e-01
-3.2268900e-01
-1.4126340e-01
3.2400772e-02
2.3644901e-01
4.7370175e-01
6.4732529e-01
6.6931958e-01
5.5467053e-01
3.7431642e-01
1.9161287e-01
3.6441076e-02
-1.1810224e-01
-2.6628007e-01
-3.5114524e-01
-3.6984385e-01
-3.4166097e-01
-2.9669486e-01
-2.6171473e-01
-2.0224096e-01
-1.0758197e-01
6.8535838e-03
1.1507518e-01
1.9454071e-01
2.7891400e-01
3.7023115e-01
4.3478472e-01
4.3782325e-01
3.1996052e-01
1.0607633e-01
-1.0479462e-01
-2.6978236e-01
-3.7772581e-01
-4.1667886e-01
-4.1440475e-01
-4.0989116e-01
-4.0122886e-01
-3.8283747e-01
-3.5356298e-01
-2.8442005e-01
-1.4475962e-01
4.5342119e-02
1.9612206e-01
2.7795189e-01
3.5761634e-01
4.5085726e-01
5.1829183e-01
5.3376894e-01
4.8308603e-01
3.5644826e-01
1.6039115e-01
-9.8609745e-02
-3.8493201e-01
-5.9583290e-01
-6.4998274e-01
-5.4762865e-01
-3.5057166e-01
-1.5076186e-01
1.6798438e-03
1.3765633e-01
2.7350025e-01
3.7682525e-01
4.5493717e-01
5.2568614e-01
5.7950643e-01
5.9137028e-01
5.2787731e-01
3.8881888e-01
1.7707541e-01
-7.4105751e-02
-2.5951033e-01
-3.2025966e-01
-3.1878878e-01
-3.4352856e-01
-3.9132629e-01
-4.2782716e-01
-4.4564154e-01
-4.2658474e-01
-3.5276749e-01
-2.3360494e-01
-9.5407862e-02
5.3436183e-02
1.8884392e-01
2.6851319e-01
3.1650726e-01
3.8208447e-01
4.1408988e-01
3.3697352e-01
1.8621552e-01
2.4311771e-02
-1.2764978e-01
-2.5269858e-01
-3.3308904e-01
-3.4589985e-01
-3.2578903e-01
-3.3983247e-01
-3.5983865e-01
-3.1083148e-01
-1.5274368e-01
7.9330747e-02
3.2927913e-01
5.5629177e-01
6.7046248e-01
6.1315903e-01
4.3343568e-01
2.2760394e-01
6.2170007e-02
-3.2078374e-02
-8.7039802e-02
-1.5743598e-01
-2.3045071e-01
-2.7523657e-01
-2.7075415e-01
-2.4285829e-01
-2.5570516e-01
-3.0803486e-01
-3.5936704e-01
-3.8046174e-01
-3.4028377e-01
-2.2296300e-01
-4.3932392e-02
1.4460134e-01
3.2595327e-01
5.1359849e-01
6.5056170e-01
6.9310334e-01
6.3856056e-01
4.7303257e-01
2.3591339e-01
1.0899997e-02
-1.7392142e-01
-3.1868638e-01
-4.0575173e-01
-4.2705103e-01
-4.0603149e-01
-3.8614023e-01
-3.8389829e-01
-3.7755112e-01
-3.2800671e-01
-2.3191869e-01
-1.1391652e-01
2.9708584e-02
1.8065458e-01
3.0383643e-01
4.1906609e-01
5.3366441e-01
5.8585814e-01
5.1375574e-01
3.2581407e-01
9.2960231e-02
-1.0013747e-01
-2.0636957e-01
-2.1279338e-01
-1.5914291e-01
-1.4214348e-01
-1.9346079e-01
-2.8092884e-01
-3.8157976e-01
-4.5007483e-01
-4.4768920e-01
-3.8476910e-01
-2.5928011e-01
-2.9701442e-02
2.6374726e-01
5.0324342e-01
6.4771195e-01
6.7466610e-01
5.6132949e-01
3.4140271e-01
7.7062882e-02
-1.3432275e-01
-2.2157927e-01
-1.7533329e-01
-3.2697593e-02
8.5935936e-02
7.0446136e-02
-4.8684987e-02
-1.9444352e-01
-2.9690715e-01
-2.9905754e-01
-2.2180175e-01
-9.8249791e-02
6.0270570e-02
2.0039679e-01
2.5771159e-01
2.4827319e-01
2.3433233e-01
2.0911929e-01
1.3426634e-01
3.4159971e-02
-5.9271260e-02
-1.4742188e-01
-2.2933945e-01
-2.8606315e-01
-3.1370346e-01
-3.4225933e-01
-3.8448643e-01
-4.2065781e-01
-4.0279941e-01
-2.9914128e-01
-1.3199146e-01
8.0057621e-02
3.2380255e-01
5.4494733e-01
6.8911916e-01
7.6298654e-01
7.4977882e-01
5.7651861e-01
2.6758970e-01
-5.2082329e-02
-3.0770389e-01
-4.9605573e-01
-6.0778020e-01
-6.2532511e-01
-5.6467383e-01
-4.6304123e-01
-3.6023455e-01
-2.6871643e-01
-1.2192328e-01
1.0145799e-01
3.1882529e-01
4.6709760e-01
5.2702004e-01
5.1786121e-01
4.5993167e-01
4.0551152e-01
3.9657706e-01
3.7473706e-01
2.7669124e-01
1.1348075e-01
-5.8443511e-02
-2.3126440e-01
-3.9551189e-01
-4.8725570e-01
-5.0081585e-01
-4.8881254e-01
-4.7112223e-01
-4.6059741e-01
-4.5763109e-01
-4.1287495e-01
-3.0199184e-01
-1.2608804e-01
6.3916284e-02
1.7451864e-01
2.5013219e-01
3.9685821e-01
5.6636568e-01
6.6913350e-01
7.1223274e-01
7.0791836e-01
6.4134352e-01
4.9922116e-01
2.7533817e-01
-1.2379530e-02
-3.0407350e-01
-5.2175215e-01
-6.6236190e-01
-7.5620702e-01
-7.7827774e-01
-6.9815913e-01
-5.2952905e-01
-2.9534960e-01
-2.5317772e-02
2.3936506e-01
4.7859386e-01
6.6799411e-01
7.6291403e-01
7.1441333e-01
5.1673996e-01
2.0165857e-01
-1.8128196e-01
-5.3680330e-01
-7.7711728e-01
-8.5545685e-01
-7.6582908e-01
-5.3681258e-01
-2.2801811e-01
6.2902411e-02
2.8822500e-01
4.4967985e-01
5.1900450e-01
4.8685740e-01
3.8303413e-01
2.4780231e-01
1.1972018e-01
2.2172307e-02
-2.7040363e-02
-3.8709603e-02
-3.8723903e-02
-2.8465657e-02
-1.5049619e-02
-1.6584085e-02
-2.9848219e-02
-3.4929764e-02
1.6404065e-02
1.4094900e-01
2.6653485e-01
3.5745567e-01
4.3378078e-01
4.7190403e-01
4.1119792e-01
2.2951922e-01
-2.5377444e-03
-1.9173029e-01
-3.0270886e-01
-3.4310836e-01
-3.5841709e-01
-3.7908971e-01
-3.7929402e-01
-3.5093838e-01
-3.2221890e-01
-3.1476863e-01
-3.1870438e-01
-2.9424734e-01
-2.3288423e-01
-1.8467840e-01
-2.0791333e-01
-2.7749677e-01
-2.6506530e-01
-1.0799996e-01
1.2402853e-01
3.3708813e-01
4.8089943e-01
5.7456295e-01
6.4797548e-01
6.6994422e-01
5.9802265e-01
4.5831613e-01
3.0390861e-01
1.3963413e-01
-7.5597558e-02
-3.5231655e-01
-5.8824651e-01
-6.4661664e-01
-4.9238640e-01
-2.4580947e-01
-1.0602956e-01
-1.2349755e-01
-1.7657380e-01
-1.4795741e-01
-9.3397835e-04
1.9885375e-01
3.6531920e-01
4.7792743e-01
5.5147689e-01
5.7648907e-01
4.9191001e-01
2.6369185e-01
-1.1308859e-02
-1.9433276e-01
-2.7086452e-01
-2.8768525e-01
-2.8057531e-01
-2.6128178e-01
-2.1659250e-01
-1.6930350e-01
-1.6221650e-01
-1.9670223e-01
-2.0698867e-01
-1.5362580e-01
-7.1925508e-02
-2.6876806e-02
-3.8119847e-02
-5.2205106e-02
-3.6428172e-02
2.2766813e-02
1.5292001e-01
3.1288637e-01
4.0812760e-01
4.0332272e-01
3.1929817e-01
1.6510806e-01
-2.6049504e-02
-1.7136223e-01
-2.5416571e-01
-3.1823538e-01
-3.7682331e-01
-3.9334645e-01
-3.1589482e-01
-1.4492928e-01
3.2938529e-02
1.4685073e-01
2.1511193e-01
2.4184349e-01
2.2982858e-01
2.1996378e-01
2.4204571e-01
2.9983663e-01
3.4132845e-01
2.8046147e-01
8.3307397e-02
-1.8869960e-01
-4.2601481e-01
-5.5936443e-01
-5.8968571e-01
-5.5501564e-01
-4.8166763e-01
-3.5781347e-01
-1.3863815e-01
1.6945350e-01
4.4486058e-01
5.8227727e-01
5.8324680e-01
4.8792300e-01
3.5680621e-01
2.5376927e-01
2.1783197e-01
2.1887170e-01
1.6715280e-01
3.4425139e-02
-1.3558483e-01
-2.8002093e-01
-3.4654928e-01
-3.2740148e-01
-2.7011194e-01
-2.3089606e-01
-2.0302553e-01
-1.2998989e-01
2.0130654e-02
1.5100669e-01
1.4179354e-01
4.8833706e-02
-1.3366325e-02
8.4415808e-03
6.3205929e-02
3.4875846e-02
-8.0258502e-02
-1.9831351e-01
-2.6227454e-01
-2.7292764e-01
-2.6193991e-01
-2.4106382e-01
-1.8297404e-01
-3.8555130e-02
1.6057868e-01
2.9079084e-01
2.7005479e-01
1.4390560e-01
7.1314673e-02
1.4602321e-01
2.8385993e-01
3.5583154e-01
3.0637468e-01
1.7465086e-01
9.0717785e-02
1.3111165e-01
2.1643942e-01
2.2484921e-01
1.2239692e-01
-3.5248538e-02
-1.9416152e-01
-3.1351019e-01
-3.4775145e-01
-3.0557303e-01
-2.5050750e-01
-2.2717878e-01
-2.2947585e-01
-2.1827033e-01
-1.7437484e-01
-1.4131247e-01
-1.5026911e-01
-1.5085356e-01
-6.5631505e-02
1.5506727e-01
4.2503773e-01
5.4199672e-01
4.5194952e-01
2.6936725e-01
1.0791594e-01
-3.6500881e-02
-2.4723462e-01
-4.7115645e-01
-5.7816331e-01
-5.2563769e-01
-3.4471327e-01
-9.5116555e-02
1.6496568e-01
3.9796111e-01
6.0648669e-01
7.6006856e-01
7.7332400e-01
6.0773868e-01
3.2048546e-01
3.0899505e-02
-1.8610570e-01
-3.3315939e-01
-4.1587712e-01
-4.2720231e-01
-3.8515120e-01
-3.3055618e-01
-2.9439243e-01
-2.6783127e-01
-2.1194130e-01
-1.5035687e-01
-1.5872528e-01
-2.2911469e-01
-2.6029157e-01
-1.7253845e-01
1.7715678e-02
2.5696414e-01
4.9313156e-01
6.5391739e-01
6.9726729e-01
6.1430776e-01
4.2833361e-01
1.9825056e-01
-5.4001896e-02
-2.9563853e-01
-4.5075444e-01
-5.0719188e-01
-4.9433485e-01
-4.1466081e-01
-3.1581717e-01
-2.5242517e-01
-1.7172123e-01
-5.1690238e-03
2.1626900e-01
3.8904375e-01
4.5783571e-01
4.6243347e-01
4.4962768e-01
4.2560647e-01
3.5335246e-01
1.8221841e-01
-4.6309673e-02
-2.4186243e-01
-3.8295247e-01
-4.5022343e-01
-4.1898296e-01
-3.1398676e-01
-1.5068299e-01
1.3137859e-02
6.7794050e-02
3.7394574e-02
3.2890643e-02
4.4211455e-02
2.0399189e-03
-7.0716906e-02
-1.1671767e-01
-1.0604268e-01
-5.9850680e-03
1.4565748e-01
2.3245986e-01
2.3757268e-01
2.0177319e-01
1.0415604e-01
-6.9446116e-02
-2.5251948e-01
-3.3546984e-01
-2.9103332e-01
-2.0825640e-01
-1.9274051e-01
-2.0466912e-01
-1.3015078e-01
2.5958417e-02
1.7435219e-01
2.6917827e-01
3.2458235e-01
3.6913363e-01
4.2717691e-01
4.9095449e-01
5.2187662e-01
4.8346875e-01
3.6719755e-01
1.6363011e-01
-1.2329023e-01
-3.9399014e-01
-5.5129364e-01
-6.1607692e-01
-6.4308622e-01
-6.3525790e-01
-5.4431040e-01
-3.3885185e-01
-7.7041906e-02
1.3251062e-01
2.5999169e-01
3.2959035e-01
3.3681666e-01
2.7438439e-01
1.4474741e-01
3.7266744e-02
5.8736105e-02
1.5511981e-01
2.3177525e-01
2.5874011e-01
2.0280758e-01
6.2028602e-02
-8.6848454e-02
-1.5504190e-01
-1.4992261e-01
-1.6225824e-01
-2.3798772e-01
-3.2641226e-01
-3.5688420e-01
-3.1124315e-01
-1.7947963e-01
2.7937997e-02
1.9922456e-01
2.7387450e-01
3.2545497e-01
3.8638805e-01
4.2186155e-01
4.1065262e-01
3.4682401e-01
1.8871889e-01
-4.9419418e-02
-2.5040687e-01
-3.7652277e-01
-4.6953272e-01
-5.5442595e-01
-6.2766674e-01
-6.3077754e-01
-5.0234243e-01
-2.6586100e-01
2.3122353e-02
3.2252954e-01
5.7261409e-01
7.3239831e-01
7.8388034e-01
7.5318746e-01
6.8404758e-01
5.4525322e-01
3.1233507e-01
3.2215117e-02
-2.1971013e-01
-3.7469726e-01
-4.0656366e-01
-3.5449952e-01
-3.1176023e-01
-3.2373681e-01
-3.3667625e-01
-3.0208814e-01
-2.4699229e-01
-2.1959562e-01
-2.1902449e-01
-1.9304925e-01
-9.8634594e-02
5.0363318e-02
2.0236634e-01
2.9356077e-01
2.7846297e-01
1.8442725e-01
8.2064002e-02
4.9182948e-03
-4.7743387e-02
-9.0747330e-02
-1.3804565e-01
-1.7142341e-01
-2.0863791e-01
-2.7103057e-01
-3.0250550e-01
-2.5527670e-01
-1.1113157e-01
1.1019021e-01
3.5667549e-01
5.7559565e-01
6.9652900e-01
7.0292657e-01
6.0784177e-01
4.0592191e-01
1.4807943e-01
-1.2239173e-01
-3.9625011e-01
-6.1675757e-01
-7.1130716e-01
-6.6317063e-01
-5.0884090e-01
-3.0725684e-01
-1.1045618e-01
6.2808411e-02
2.2562060e-01
3.5440070e-01
3.8774474e-01
3.4692300e-01
2.8924584e-01
2.2509999e-01
1.7826050e-01
1.7961938e-01
1.6882776e-01
6.5211151e-02
-9.7599405e-02
-2.5845572e-01
-4.1773025e-01
-5.5934617e-01
-6.1537911e-01
-5.3611263e-01
-3.5449742e-01
-1.2671787e-01
1.4347287e-01
4.2813795e-01
6.5374648e-01
7.6774991e-01
7.4171627e-01
5.7928771e-01
3.3479720e-01
9.6446089e-02
-8.5470933e-02
-2.4119012e-01
-3.7676759e-01
-4.3303698e-01
-3.9522892e-01
-3.1177656e-01
-2.0654337e-01
-6.3476964e-02
8.2399176e-02
1.4677892e-01
1.3762493e-01
1.2977450e-01
1.3965566e-01
1.2460253e-01
5.6667400e-02
-4.1536108e-02
-1.4423925e-01
-2.1780190e-01
-2.1044878e-01
-1.2909787e-01
-4.2049328e-02
1.7297745e-03
-8.5490197e-03
-7.1364069e-02
-1.7397287e-01
-2.8785074e-01
-3.7396605e-01
-3.7180244e-01
-2.4309150e-01
-3.3940657e-02
1.6453545e-01
3.2288153e-01
4.6116572e-01
5.5064903e-01
5.7082240e-01
5.4054271e-01
4.1359567e-01
1.5879916e-01
-1.0545996e-01
-2.7760603e-01
-3.7266960e-01
-3.9623551e-01
-3.6307772e-01
-3.2261534e-01
-2.6239073e-01
-1.3060526e-01
2.0074557e-02
8.6013639e-02
6.4230898e-02
2.3873595e-02
6.2434809e-02
2.1419767e-01
3.8161735e-01
4.5140144e-01
4.4049000e-01
4.0678202e-01
2.9829198e-01
8.8951758e-02
-1.3504317e-01
-3.0339975e-01
-4.2802113e-01
-5.0470784e-01
-4.8692989e-01
-3.7492659e-01
-2.0387440e-01
-7.6517395e-03
1.5025301e-01
2.1181523e-01
2.0180788e-01
1.8416596e-01
2.0701351e-01
2.5064083e-01
2.5802690e-01
2.1603011e-01
1.0587599e-01
-6.1188329e-02
-2.0750439e-01
-2.7909068e-01
-2.8981794e-01
-2.8529422e-01
-2.7701057e-01
-2.3752236e-01
-1.5521998e-01
-4.4838102e-02
4.2688688e-02
4.3916547e-02
-2.9778096e-02
-1.0212228e-01
-1.2054693e-01
-9.5819187e-02
-5.0098813e-02
7.1660911e-03
7.7222010e-02
1.9277502e-01
3.5775592e-01
5.1123673e-01
5.7879680e-01
5.0692994e-01
3.1335166e-01
5.5713454e-02
-2.1445353e-01
-3.8465135e-01
-3.8505081e-01
-2.5732347e-01
-9.8048829e-02
-1.9356429e-02
-2.4710385e-02
-5.1477980e-02
-1.2247790e-01
-2.5854283e-01
-3.7160264e-01
-3.8631629e-01
-3.0867673e-01
-1.7966931e-01
-1.2448147e-02
2.0148221e-01
4.3169814e-01
6.1857692e-01
6.8150987e-01
5.8564625e-01
3.9002590e-01
1.9108971e-01
4.7044949e-02
-9.8098316e-02
-3.0596277e-01
-4.8416266e-01
-5.3570312e-01
-4.7826086e-01
-3.4666821e-01
-1.8461283e-01
-4.0826596e-02
7.8419670e-02
1.5939687e-01
1.5503921e-01
5.1137489e-02
-7.6789872e-02
-1.2970704e-01
-7.2880325e-02
6.5771180e-02
1.8955216e-01
2.1127092e-01
1.7549415e-01
1.8191365e-01
2.2091670e-01
2.1098190e-01
1.1896832e-01
-3.2222495e-02
-1.7397070e-01
-2.2182183e-01
-1.4942543e-01
-1.7456303e-02
1.2683081e-01
2.9647528e-01
4.3438360e-01
4.4701145e-01
3.1956669e-01
1.0185863e-01
-1.2700273e-01
-3.1451393e-01
-4.2577817e-01
-4.4462980e-01
-4.1657113e-01
-3.8971504e-01
-3.8505020e-01
-3.7738749e-01
-3.2774758e-01
-2.5960167e-01
-1.7678405e-01
-6.1472172e-02
1.2072879e-01
3.7641260e-01
5.9672101e-01
7.0417782e-01
7.0713036e-01
6.3673173e-01
5.1416811e-01
3.1980051e-01
5.4468203e-02
-2.0166997e-01
-3.5114734e-01
-3.7265020e-01
-3.3101402e-01
-3.0190431e-01
-2.9564943e-01
-2.7363026e-01
-2.1168931e-01
-1.2599511e-01
-3.6713656e-02
6.6535424e-02
1.6930792e-01
2.0304985e-01
1.3776414e-01
2.2889389e-02
-7.6855664e-02
-1.2060598e-01
-1.1876791e-01
-1.1905386e-01
-1.2656453e-01
-9.9970668e-02
-5.6530650e-02
-6.1775308e-02
-1.0397995e-01
-1.1675438e-01
-4.4938867e-02
1.3173698e-01
3.4401408e-01
4.7559702e-01
4.8328010e-01
3.9657892e-01
2.5361093e-01
6.2833995e-02
-1.8197180e-01
-4.2484473e-01
-5.9470973e-01
-6.7344394e-01
-6.6763579e-01
-5.9718886e-01
-4.5056676e-01
-1.8270791e-01
1.5857664e-01
4.1539823e-01
4.8254708e-01
3.9141418e-01
2.6750922e-01
2.0612478e-01
2.0366447e-01
2.4034365e-01
3.0902352e-01
3.9990376e-01
4.8711714e-01
5.1976682e-01
4.5550886e-01
2.7614944e-01
-9.5611605e-03
-3.2723023e-01
-5.7268016e-01
-7.4018797e-01
-8.4848055e-01
-8.3432809e-01
-6.6724481e-01
-4.2106650e-01
-1.9608532e-01
-1.8530265e-03
2.2751603e-01
4.6946504e-01
6.2397375e-01
6.7253102e-01
6.7090321e-01
6.5515357e-01
6.0426566e-01
4.9970000e-01
3.5317713e-01
1.5299377e-01
-8.1281251e-02
-2.9017696e-01
-4.6019572e-01
-5.8702706e-01
-6.4153788e-01
-6.1960016e-01
-5.5069436e-01
-4.7166923e-01
-3.7394085e-01
-2.0650845e-01
6.2393711e-02
3.4508065e-01
4.6974065e-01
4.0622783e-01
2.3760042e-01
6.4683830e-02
-1.9550270e-02
-1.1305275e-02
4.9873250e-02
1.0268357e-01
1.1250830e-01
1.3233664e-01
1.6952031e-01
1.3974851e-01
2.6597539e-02
-1.0339164e-01
-2.0789552e-01
-2.4421513e-01
-1.5535587e-01
7.2986846e-03
1.4066931e-01
2.4914448e-01
2.9774072e-01
2.2960882e-01
1.2524483e-01
3.7100939e-02
-6.8348261e-02
-1.7524837e-01
-2.2939167e-01
-2.0508843e-01
-1.2527278e-01
-4.7774726e-02
-6.9778510e-03
6.3372557e-03
1.0977971e-02
9.3404284e-04
-4.3156338e-02
-1.0448666e-01
-1.3034914e-01
-1.0659671e-01
-7.3304364e-02
-6.3622801e-02
-6.4461485e-02
-3.2087968e-02
4.4075803e-02
1.2908079e-01
1.9383917e-01
1.9283923e-01
9.3607103e-02
-4.9285817e-02
-1.8909413e-01
-3.2466251e-01
-4.2751389e-01
-4.4909870e-01
-3.9109524e-01
-2.8547442e-01
-1.3788516e-01
4.0641551e-02
2.5084371e-01
4.5162686e-01
5.5564164e-01
5.5352814e-01
4.9221579e-01
4.4382624e-01
4.3707579e-01
3.9138545e-01
2.4558685e-01
5.7732378e-02
-9.3652604e-02
-1.8880088e-01
-2.3374616e-01
-2.4503771e-01
-2.3944709e-01
-2.2953131e-01
-2.3020398e-01
-2.4689940e-01
-2.7082056e-01
-2.8920212e-01
-2.9427724e-01
-2.9312186e-01
-2.9911123e-01
-3.0959376e-01
-2.9576288e-01
-2.1380867e-01
-4.8414837e-02
1.2179741e-01
2.4419390e-01
3.6194748e-01
4.4394181e-01
4.3927000e-01
3.8636771e-01
3.3900890e-01
3.1866518e-01
3.1607755e-01
2.9272649e-01
2.3598072e-01
1.7002150e-01
7.1311552e-02
-1.1057617e-01
-3.3615435e-01
-5.3620259e-01
-6.8006680e-01
-6.9915772e-01
-5.6847338e-01
-3.4048196e-01
-9.8459331e-02
6.5511196e-02
1.5429049e-01
2.1914564e-01
2.4095747e-01
2.2275008e-01
2.2148697e-01
2.4934300e-01
2.7247754e-01
2.5766414e-01
2.3844832e-01
2.8013375e-01
3.7706467e-01
4.4904870e-01
4.1261228e-01
2.7047043e-01
8.3237463e-02
-1.0791203e-01
-2.8165332e-01
-4.4492696e-01
-5.9004217e-01
-6.6286293e-01
-6.6298280e-01
-6.4638840e-01
-6.0404485e-01
-4.6553287e-01
-1.9500793e-01
1.2165924e-01
3.3464190e-01
4.0754449e-01
4.1531042e-01
4.1815010e-01
4.1840282e-01
3.9473103e-01
3.4958670e-01
3.0659104e-01
2.7636247e-01
2.3774213e-01
1.5794602e-01
4.3673594e-02
-6.6467238e-02
-1.5025592e-01
-2.2605145e-01
-3.1153745e-01
-3.6667339e-01
-3.5016859e-01
-3.0471234e-01
-2.7972609e-01
-2.4607623e-01
-1.5204056e-01
3.4468894e-02
2.6497566e-01
4.3130579e-01
4.7006898e-01
4.0844467e-01
3.2322902e-01
2.0138761e-01
2.8405809e-02
-1.0904141e-01
-1.6695316e-01
-1.7620959e-01
-1.4970980e-01
-7.3721266e-02
4.0785902e-02
1.4087323e-01
1.4341068e-01
3.3651007e-02
-1.2355612e-01
-2.8256541e-01
-4.0266469e-01
-4.4600967e-01
-4.2378962e-01
-3.7953211e-01
-3.1475603e-01
-1.7274988e-01
5.7483462e-02
2.6819163e-01
3.3468649e-01
2.7838641e-01
2.3221128e-01
2.2461367e-01
1.8321654e-01
8.3424907e-02
-4.4580929e-02
-1.3028991e-01
-1.0461026e-01
2.8434563e-02
1.8480781e-01
2.9999991e-01
3.6604638e-01
3.6399201e-01
2.7225168e-01
1.0409314e-01
-5.3213279e-02
-1.0841082e-01
-9.9450111e-02
-1.3714499e-01
-2.4173571e-01
-3.2435041e-01
-3.2812159e-01
-2.5334999e-01
-1.7030739e-01
-1.5985249e-01
-1.7174485e-01
-1.1052802e-01
5.9391614e-02
2.6727647e-01
3.7314007e-01
3.1230399e-01
1.8171666e-01
1.2521833e-01
1.6494287e-01
2.0457504e-01
1.5474344e-01
7.1682716e-02
4.1978288e-02
1.2970766e-02
-9.2064032e-02
-2.3580457e-01
-3.3948894e-01
-4.0738090e-01
-4.8039233e-01
-5.4653615e-01
-5.5626070e-01
-4.7985538e-01
-3.2977184e-01
-1.3104730e-01
8.0587680e-02
2.4728106e-01
3.2540050e-01
3.4891851e-01
3.7952025e-01
4.1579918e-01
4.4946752e-01
4.7528835e-01
4.6377377e-01
3.9708642e-01
2.9428597e-01
2.0289205e-01
1.4006721e-01
7.9175841e-02
-1.0522726e-02
-1.4912603e-01
-2.9782380e-01
-3.8093600e-01
-3.9059961e-01
-3.4800645e-01
-2.5617914e-01
-1.1783024e-01
3.9169793e-02
1.5557421e-01
2.1766315e-01
2.0857714e-01
8.9558568e-02
-9.1557573e-02
-2.6157176e-01
-3.8437499e-01
-4.3541805e-01
-3.9761374e-01
-2.9559705e-01
-1.8740915e-01
-4.1359047e-02
1.6823179e-01
3.4833966e-01
4.2724841e-01
4.1316163e-01
3.6210246e-01
3.3854335e-01
3.4022428e-01
2.7676192e-01
9.9329766e-02
-1.0854616e-01
-2.1635194e-01
-1.8671872e-01
-8.0061397e-02
3.2308049e-02
7.3774851e-02
2.4851463e-02
-3.9146564e-02
-7.9468581e-02
-1.3657708e-01
-2.3029125e-01
-3.2543307e-01
-3.9607051e-01
-4.5581897e-01
-5.1535662e-01
-5.3541206e-01
-4.6694774e-01
-3.2897724e-01
-1.4207944e-01
1.0859851e-01
3.8281446e-01
6.1261664e-01
7.5933508e-01
8.2042210e-01
8.2308468e-01
7.7583910e-01
6.7532356e-01
4.9318908e-01
1.7362022e-01
-2.2390912e-01
-5.2878280e-01
-6.6598155e-01
-6.7487363e-01
-6.1034267e-01
-5.5916118e-01
-5.6104954e-01
-5.1392577e-01
-3.5766638e-01
-1.5630838e-01
4.2980392e-02
2.3927617e-01
4.2971891e-01
5.8653376e-01
6.6979167e-01
6.6726886e-01
5.9248142e-01
4.5138402e-01
2.4404189e-01
2.5375404e-02
-1.4386290e-01
-2.8315881e-01
-3.9274570e-01
-4.3927144e-01
-4.2203641e-01
-3.3441180e-01
-1.7644231e-01
8.4577936e-04
1.4256103e-01
1.8901513e-01
1.1490133e-01
1.9355811e-02
-9.5672697e-03
6.8101299e-03
2.4499932e-02
4.4714893e-02
6.2554420e-02
5.4534814e-02
5.0194242e-02
5.2432311e-02
4.1497156e-02
2.8286090e-02
7.7770845e-03
-1.7427411e-02
-5.1785997e-02
-8.7014133e-02
-7.7661883e-02
-3.4572640e-02
-1.9035519e-02
-5.0782676e-02
-1.0429557e-01
-1.4615465e-01
-1.6577057e-01
-1.8842786e-01
-2.3095569e-01
-2.7045102e-01
-2.7525187e-01
-2.3692012e-01
-1.5981130e-01
-5.5220155e-02
5.5003438e-02
1.4876524e-01
2.2607788e-01
3.1554238e-01
4.0772477e-01
4.3990840e-01
3.6938906e-01
1.8166889e-01
-6.9601081e-02
-2.3125933e-01
-2.3536165e-01
-1.9622298e-01
-1.9532867e-01
-1.8354749e-01
-1.2071349e-01
-3.8688267e-02
1.2192820e-02
4.8813666e-02
1.1485866e-01
1.7667674e-01
2.4468079e-01
3.6946050e-01
4.7225404e-01
4.8320315e-01
4.2235940e-01
2.9268520e-01
4.6047325e-02
-2.9182118e-01
-5.7330714e-01
-7.1348572e-01
-6.9673037e-01
-5.6997242e-01
-4.1281995e-01
-2.1059583e-01
6.1899251e-02
3.6298057e-01
6.0091242e-01
7.0790822e-01
6.7947639e-01
5.0335260e-01
1.8270726e-01
-1.6641767e-01
-3.9562754e-01
-4.8601306e-01
-4.9317635e-01
-4.5068878e-01
-3.5027659e-01
-1.5891082e-01
1.0731672e-01
3.4804522e-01
4.4365281e-01
3.6296353e-01
1.4722526e-01
-1.1343021e-01
-3.0178972e-01
-3.8725819e-01
-3.6649193e-01
-1.9132202e-01
7.6269502e-02
2.9288767e-01
4.0884383e-01
4.3117966e-01
3.6422670e-01
2.6102074e-01
1.9988614e-01
1.4524991e-01
1.6191625e-02
-1.5001413e-01
-2.6988198e-01
-2.8700706e-01
-2.4079916e-01
-2.1233121e-01
-1.7615025e-01
-1.1398280e-01
-2.2284068e-02
1.2304699e-01
2.4400811e-01
2.3902859e-01
1.4164578e-01
6.7525891e-02
6.0807818e-02
4.0583700e-02
-6.5890050e-02
-2.2150929e-01
-3.5965813e-01
-4.3622364e-01
-4.3879015e-01
-3.9317919e-01
-3.2135901e-01
-2.1090772e-01
-5.6853932e-02
1.3200066e-01
3.1839288e-01
4.0316050e-01
3.4538080e-01
2.5428129e-01
2.2520990e-01
2.4655455e-01
2.9336664e-01
3.3162347e-01
3.2198120e-01
2.1978051e-01
4.2447419e-02
-1.0028342e-01
-1.4146419e-01
-1.0429397e-01
-9.8409487e-02
-1.9739000e-01
-3.3957186e-01
-4.4312205e-01
-4.5235298e-01
-3.4763065e-01
-1.5948869e-01
6.6868051e-02
2.6932668e-01
3.6171351e-01
3.0954990e-01
2.0506830e-01
1.3189654e-01
5.7933096e-02
-2.2158681e-02
-5.2875269e-02
-1.8753075e-02
7.4239660e-02
1.7262112e-01
1.7873805e-01
7.5528549e-02
-6.7667000e-02
-1.8788575e-01
-2.5375641e-01
-2.6124315e-01
-2.3313235e-01
-1.7999785e-01
-1.0037324e-01
1.4974286e-02
1.3645205e-01
1.6480883e-01
8.7052186e-02
-2.1615580e-03
-7.4891958e-02
-1.4347719e-01
-1.6807416e-01
-1.1908119e-01
8.1619722e-03
1.8130039e-01
3.0749329e-01
2.9578447e-01
1.6265759e-01
4.2216175e-02
-2.1575007e-02
-1.0075231e-01
-2.1207991e-01
-3.1737410e-01
-3.7105275e-01
-3.2548643e-01
-1.6706373e-01
2.5757469e-02
1.9851892e-01
3.7952368e-01
5.3599273e-01
5.9936356e-01
5.2192114e-01
3.2857707e-01
1.2031935e-01
-4.9137124e-02
-1.7791059e-01
-2.6672157e-01
-3.2024392e-01
-3.3975481e-01
-3.2091347e-01
-2.9544563e-01
-2.9683331e-01
-3.2217259e-01
-3.7991474e-01
-4.4657826e-01
-4.3618384e-01
-2.8743207e-01
-4.3865438e-02
1.9772331e-01
3.8761847e-01
5.1215362e-01
5.7293667e-01
5.7024998e-01
4.9317121e-01
3.4940206e-01
1.6166924e-01
-3.4249686e-02
-1.5978777e-01
-1.5398195e-01
-6.3376449e-02
3.0554618e-02
1.2422766e-01
2.4029479e-01
3.1354175e-01
2.5563849e-01
9.2514941e-02
-6.9601021e-02
-1.7273179e-01
-2.3994737e-01
-2.9154656e-01
-3.3473468e-01
-3.8237298e-01
-3.9798088e-01
-3.4463463e-01
-2.1813372e-01
-7.1070545e-02
-7.3164527e-03
-4.0059072e-02
-7.7354111e-02
-2.1948321e-02
1.0730198e-01
1.9395784e-01
1.8306409e-01
1.3532890e-01
1.1902937e-01
1.1235530e-01
1.1337534e-01
1.5616978e-01
2.1986815e-01
2.5226098e-01
2.0783959e-01
1.5038910e-01
1.4442403e-01
1.0455914e-01
1.2562910e-02
-8.2187016e-02
-1.3703523e-01
-7.7494212e-02
5.4170209e-02
1.3927022e-01
1.4179181e-01
8.8780995e-02
4.1247207e-03
-8.8812104e-02
-1.6249285e-01
-2.3385144e-01
-3.2895799e-01
-4.2476137e-01
-5.0259336e-01
-5.6917191e-01
-6.0953425e-01
-5.7198249e-01
-4.2121695e-01
-1.4982624e-01
1.7310969e-01
4.2627194e-01
5.9301969e-01
7.1117822e-01
7.8758358e-01
8.1343993e-01
7.9354064e-01
7.2755315e-01
5.6906342e-01
2.9837152e-01
-2.2675674e-02
-2.9631700e-01
-4.6352107e-01
-5.4509826e-01
-5.8607675e-01
-5.9596729e-01
-5.5916419e-01
-4.6928739e-01
-3.4788649e-01
-2.4434844e-01
-1.8922042e-01
-1.7179949e-01
-1.6232091e-01
-9.4875355e-02
6.9056026e-02
2.4604231e-01
3.7331098e-01
4.6859041e-01
4.9545969e-01
4.3585896e-01
2.7810250e-01
2.4905646e-02
-1.9575861e-01
-2.6586357e-01
-1.6223213e-01
5.8304013e-02
2.7204486e-01
3.8970062e-01
3.7561235e-01
2.1895519e-01
-1.1378818e-02
-1.9797964e-01
-2.9862434e-01
-3.4242809e-01
-3.4118605e-01
-2.9437871e-01
-1.9506000e-01
-1.8997137e-02
1.8032215e-01
3.0255475e-01
3.3765614e-01
2.7812572e-01
1.3410983e-01
-4.6339021e-03
-1.1025457e-01
-2.0569468e-01
-2.7924232e-01
-3.0475005e-01
-2.8560203e-01
-2.4835939e-01
-2.0121744e-01
-1.2041118e-01
1.0253732e-02
1.6277086e-01
3.0536456e-01
4.1343842e-01
4.2050627e-01
2.9828545e-01
1.3091273e-01
-1.0614775e-02
-1.1609805e-01
-1.8182437e-01
-2.0534484e-01
-1.9301221e-01
-1.8133262e-01
-2.0135410e-01
-2.4045803e-01
-2.6450907e-01
-2.4821278e-01
-1.9753081e-01
-1.4823016e-01
-1.4074636e-01
-1.3906623e-01
-7.2758580e-02
8.1800567e-02
2.9489583e-01
4.9234743e-01
6.3189279e-01
6.9271889e-01
6.4988856e-01
4.9580421e-01
2.7337844e-01
6.3011212e-02
-1.3108016e-01
-3.3814505e-01
-5.1607931e-01
-6.0622920e-01
-5.7292685e-01
-4.2773088e-01
-2.3593053e-01
-4.1983196e-02
8.0081604e-02
9.0527527e-02
1.0933791e-01
2.2093086e-01
3.3485666e-01
2.9532794e-01
1.2870374e-01
1.0969480e-02
-1.5836277e-03
-5.7485892e-03
-8.0795550e-02
-1.3969476e-01
-1.0396648e-01
-7.3060736e-02
-1.1504950e-01
-1.2500164e-01
-5.6446492e-02
1.8227132e-02
9.2034366e-02
1.7229043e-01
1.7677475e-01
6.6918639e-02
-8.9474859e-02
-2.3454728e-01
-3.2167245e-01
-3.4009668e-01
-2.9623934e-01
-1.4001424e-01
1.1077390e-01
3.2312424e-01
3.9467249e-01
3.5500259e-01
2.5011253e-01
8.2644970e-02
-9.0317019e-02
-1.7625205e-01
-1.3941901e-01
-5.2664349e-02
1.5141097e-02
8.0026985e-02
1.3454153e-01
1.1984191e-01
6.6720658e-02
9.1203850e-02
1.8104866e-01
2.3536193e-01
2.2422537e-01
1.6754888e-01
1.2068354e-01
9.5286976e-02
2.2774954e-02
-1.2607276e-01
-3.0262651e-01
-4.5053402e-01
-5.5515423e-01
-6.0674114e-01
-5.7069189e-01
-4.2990869e-01
-2.0411731e-01
7.9247067e-02
3.7749060e-01
6.1315734e-01
7.3240188e-01
7.4225860e-01
6.2977766e-01
3.9710960e-01
1.4905514e-01
-3.3084714e-02
-1.6066754e-01
-2.6025980e-01
-3.4435742e-01
-4.0539785e-01
-4.4461195e-01
-4.8551594e-01
-5.3092631e-01
-5.7338467e-01
-5.8760872e-01
-5.2527730e-01
-3.7387883e-01
-1.2764800e-01
1.7183334e-01
4.1166355e-01
5.5496628e-01
6.2814618e-01
6.4291294e-01
6.1825688e-01
5.8559588e-01
5.7293685e-01
5.6751956e-01
5.1592095e-01
3.8699091e-01
1.8044224e-01
-7.5524241e-02
-3.1519904e-01
-4.8126795e-01
-5.5450037e-01
-5.4280342e-01
-4.7213920e-01
-3.7041105e-01
-2.4296872e-01
-1.6662917e-01
-2.2580840e-01
-3.4866436e-01
-4.6451602e-01
-5.5765075e-01
-5.6919467e-01
-4.2986260e-01
-1.3930685e-01
2.0826705e-01
5.1675375e-01
7.4543591e-01
8.9006849e-01
9.5814429e-01
9.4825457e-01
8.4945538e-01
6.6048108e-01
4.0520834e-01
1.2355565e-01
-1.3772194e-01
-3.4976667e-01
-5.0288161e-01
-5.8005073e-01
-5.8493442e-01
-5.5435541e-01
-5.1983190e-01
-4.8037159e-01
-4.1675706e-01
-3.3759734e-01
-2.6319298e-01
-1.8704641e-01
-7.7411539e-02
9.7267304e-02
2.7942861e-01
3.8746026e-01
4.4040009e-01
4.3272008e-01
2.8797917e-01
2.9941060e-02
-2.0170486e-01
-3.1857464e-01
-3.2078725e-01
-2.3015651e-01
-3.7810208e-02
2.4333346e-01
5.0153194e-01
6.4437178e-01
6.4861849e-01
4.9960820e-01
2.3243000e-01
-4.6864732e-02
-2.4588625e-01
-3.3083387e-01
-3.1816319e-01
-2.6032083e-01
-1.8257942e-01
-6.5074869e-02
4.7377397e-02
6.4018185e-02
5.0190007e-03
-6.5548462e-02
-1.2237025e-01
-1.4342334e-01
-1.2412166e-01
-8.5529724e-02
-4.4947300e-02
-6.3533658e-04
4.1866187e-02
6.2915222e-02
5.1991096e-02
1.5616016e-02
-3.6198002e-02
-8.2692023e-02
-9.9289089e-02
-9.0305698e-02
-7.3078652e-02
-6.6682187e-02
-8.1165089e-02
-9.4777624e-02
-8.9179577e-02
-6.3732840e-02
2.5633260e-03
6.4717655e-02
3.5646256e-02
-4.2023047e-02
-1.1285501e-01
-1.6313365e-01
-1.9014290e-01
-2.0720925e-01
-1.5408701e-01
1.5637611e-02
2.4242626e-01
4.2881936e-01
5.2569154e-01
5.3520559e-01
4.6606701e-01
3.1802500e-01
1.0569040e-01
-1.1553352e-01
-2.5410400e-01
-2.5221741e-01
-1.6378573e-01
-1.1196888e-01
-1.3535304e-01
-1.4082624e-01
-4.9057522e-02
7.8940299e-02
1.3785971e-01
1.4494195e-01
1.5160753e-01
1.5771838e-01
1.8133533e-01
2.2561907e-01
2.2162955e-01
1.2298539e-01
-4.3426316e-02
-2.2572436e-01
-3.5477939e-01
-4.1227681e-01
-4.3862440e-01
-4.5377906e-01
-4.4683881e-01
-4.0137085e-01
-3.1228125e-01
-1.7388233e-01
-5.7828667e-03
1.7065877e-01
3.2859154e-01
4.0939157e-01
4.4027445e-01
5.0561589e-01
5.8878070e-01
5.9021738e-01
4.7880178e-01
2.9512695e-01
7.2881774e-02
-1.5516932e-01
-3.4269287e-01
-4.4629423e-01
-4.7894765e-01
-4.8121067e-01
-4.6509055e-01
-4.0433421e-01
-2.6950023e-01
-7.4114254e-02
1.4363359e-01
3.4723096e-01
4.6901017e-01
4.2222747e-01
2.4456739e-01
5.1693705e-02
-9.8463796e-02
-1.7077399e-01
-1.7895742e-01
-1.6587384e-01
-1.4510445e-01
-1.2432915e-01
-9.7410647e-02
-8.1480868e-02
-1.2332692e-01
-2.2233845e-01
-3.1676397e-01
-3.2052341e-01
-2.1234542e-01
-4.7909742e-02
1.4570837e-01
3.3822893e-01
4.8410392e-01
5.8639319e-01
6.5190103e-01
6.5606925e-01
5.7194603e-01
3.9346513e-01
1.3261045e-01
-1.4191012e-01
-3.2747827e-01
-4.4850481e-01
-5.5390775e-01
-5.7135910e-01
-4.7596098e-01
-3.1039715e-01
-1.2619390e-01
-2.0172955e-03
4.8325311e-02
1.0531698e-01
2.3752022e-01
3.9915990e-01
4.5671166e-01
3.3086259e-01
8.4556336e-02
-1.5009259e-01
-3.0823652e-01
-3.6536542e-01
-2.9181139e-01
-1.5250380e-01
-7.8958570e-02
-1.2682679e-01
-2.1600739e-01
-2.0729813e-01
-5.3864307e-02
1.5905402e-01
2.8853223e-01
2.5933180e-01
1.4312394e-01
7.2353649e-02
1.0464385e-01
1.9263454e-01
2.3145884e-01
1.4366510e-01
-2.2624572e-02
-1.3125829e-01
-1.3391299e-01
-1.0501513e-01
-1.3810501e-01
-2.2829332e-01
-2.7783832e-01
-2.1919929e-01
-7.7838092e-02
4.0308018e-02
7.1597022e-02
9.2741968e-02
1.8207294e-01
2.9703851e-01
3.6280383e-01
3.4386934e-01
2.9113596e-01
2.6058537e-01
2.0466887e-01
5.4042524e-02
-1.6832988e-01
-3.5738986e-01
-4.4875262e-01
-4.3608286e-01
-3.3066766e-01
-1.6821727e-01
-7.7178570e-03
8.5321566e-02
6.0995887e-02
-4.3082551e-02
-1.0716157e-01
-7.0308072e-02
8.2639062e-02
3.0725461e-01
4.5784473e-01
4.3117028e-01
2.0987283e-01
-1.2724069e-01
-4.1806638e-01
-5.7666779e-01
-6.1316964e-01
-5.3516385e-01
-3.4871933e-01
-1.1301526e-01
6.9870269e-02
1.5563387e-01
2.0205499e-01
2.8305164e-01
3.9317057e-01
5.0584677e-01
6.2174230e-01
6.9888115e-01
6.9604983e-01
6.1093046e-01
4.3632343e-01
1.6103305e-01
-1.6171279e-01
-4.2350466e-01
-5.7171402e-01
-6.0976706e-01
-5.7048099e-01
-5.0147373e-01
-4.2162818e-01
-3.3930132e-01
-2.6001773e-01
-1.6732624e-01
-6.2693401e-02
2.1676539e-02
6.4253546e-02
1.0205443e-01
2.0251473e-01
3.5315587e-01
4.7162768e-01
4.7674487e-01
3.3140163e-01
1.0409436e-01
-1.0449986e-01
-2.5851800e-01
-3.4325451e-01
-3.4740556e-01
-2.9221644e-01
-2.0639995e-01
-1.2324733e-01
-8.6566783e-02
-7.2849098e-02
-2.2417663e-02
6.6720424e-02
1.8305498e-01
3.1771701e-01
3.8567763e-01
3.3479081e-01
2.6455288e-01
2.2251986e-01
1.2279834e-01
-5.1185554e-02
-2.1805987e-01
-3.4664550e-01
-4.3827553e-01
-4.8165160e-01
-4.9222174e-01
-4.7832883e-01
-4.1843716e-01
-2.8907484e-01
-5.5580650e-02
2.5312789e-01
5.2209176e-01
7.0803986e-01
8.0550316e-01
7.7306401e-01
6.1130143e-01
3.6745117e-01
1.2205816e-01
-7.5377518e-02
-2.3758191e-01
-3.6402516e-01
-4.5075839e-01
-4.9605876e-01
-5.0068265e-01
-4.7660520e-01
-4.0777610e-01
-2.6503410e-01
-5.6348827e-02
1.6297437e-01
3.1719942e-01
3.5350944e-01
3.0781299e-01
2.7808447e-01
2.9734836e-01
3.1837950e-01
2.7684529e-01
1.6698702e-01
3.4551553e-02
-1.2356049e-01
-2.9408967e-01
-3.9624353e-01
-3.9871294e-01
-3.3616466e-01
-2.3157395e-01
-1.4197879e-01
-1.3198484e-01
-1.4307221e-01
-1.1380043e-01
-2.6279797e-02
1.1479704e-01
2.1767194e-01
2.6886007e-01
3.5923450e-01
4.9329883e-01
5.8540392e-01
5.6028589e-01
3.7601086e-01
6.6908189e-02
-2.3950878e-01
-4.4559809e-01
-5.3690836e-01
-5.5035599e-01
-5.6032704e-01
-5.8388733e-01
-5.4639430e-01
-3.8922070e-01
-1.1221778e-01
2.1228913e-01
4.6808278e-01
6.0824264e-01
6.3798615e-01
5.3886139e-01
3.4748921e-01
1.1932225e-01
-1.0658772e-01
-2.0246104e-01
-1.6914880e-01
-1.9878346e-01
-3.2030130e-01
-3.6541308e-01
-2.4438318e-01
-2.3975824e-02
1.7062293e-01
2.7490423e-01
3.0660305e-01
2.6578212e-01
1.9125747e-01
1.5642312e-01
1.5255352e-01
1.6649263e-01
1.7975049e-01
1.5508310e-01
1.0399648e-01
6.3289170e-02
1.1676872e-02
-9.7065455e-02
-2.1885602e-01
-3.1044313e-01
-3.9255497e-01
-4.6824255e-01
-5.0975610e-01
-5.1242513e-01
-4.8545499e-01
-4.0749818e-01
-2.3584085e-01
5.2515056e-02
3.9477389e-01
6.6428852e-01
7.8713729e-01
7.6923946e-01
6.2023568e-01
3.4452857e-01
-1.2167513e-02
-3.5142904e-01
-5.4946120e-01
-5.6219464e-01
-4.3012292e-01
-1.9217899e-01
6.1811864e-02
2.0435829e-01
2.0760220e-01
1.5919527e-01
1.1647178e-01
9.9841263e-02
1.3439581e-01
1.4786453e-01
1.1846814e-01
1.0015226e-01
4.0798882e-02
-9.4637536e-02
-2.3607623e-01
-3.1638163e-01
-3.2134533e-01
-2.4194477e-01
-6.3667632e-02
1.5912793e-01
3.3188359e-01
3.9333300e-01
3.2070343e-01
1.5535356e-01
-5.4198192e-02
-2.9159515e-01
-5.0803518e-01
-6.3587800e-01
-6.2256995e-01
-4.3923862e-01
-1.4761383e-01
9.6567353e-02
2.1656303e-01
2.5486019e-01
2.3653830e-01
1.8696311e-01
1.7247068e-01
2.1838043e-01
2.9350280e-01
3.7701986e-01
4.4484451e-01
4.4807318e-01
3.7450250e-01
2.6891419e-01
1.5302401e-01
3.7273027e-02
-3.7203909e-02
-7.4632371e-02
-1.2272765e-01
-1.9462858e-01
-2.4923473e-01
-2.6228157e-01
-2.4623802e-01
-2.0019621e-01
-1.3219516e-01
-6.1323011e-02
7.5354653e-03
4.8222541e-02
4.3851655e-02
1.9483035e-02
-2.2656691e-02
-9.2462311e-02
-1.7269348e-01
-2.3401192e-01
-2.7468029e-01
-3.2377279e-01
-3.9102439e-01
-4.5052909e-01
-4.6256217e-01
-3.9694976e-01
-2.4417511e-01
-2.0556867e-02
2.2397892e-01
4.1839515e-01
5.2288418e-01
5.3690143e-01
4.6871226e-01
3.5214251e-01
2.5131885e-01
2.0083951e-01
1.6647063e-01
1.1621638e-01
4.7680791e-02
-3.0165923e-02
-7.2035772e-02
-6.9504879e-02
-4.9808861e-02
-5.0152597e-03
7.7685947e-02
2.0297590e-01
3.4118139e-01
4.1239219e-01
3.6634712e-01
2.2592352e-01
4.3313866e-02
-1.3268863e-01
-2.7192157e-01
-3.6084680e-01
-3.9263655e-01
-3.8962622e-01
-3.8859078e-01
-3.8826978e-01
-3.5228179e-01
-2.5765731e-01
-1.2036177e-01
3.3687245e-02
1.8705798e-01
3.0671074e-01
3.8915338e-01
4.3512834e-01
3.7935526e-01
2.0832591e-01
1.0287855e-02
-1.2061298e-01
-1.7523771e-01
-2.1410233e-01
-2.7148908e-01
-3.3597610e-01
-3.7844125e-01
-3.9638395e-01
-4.0461525e-01
-3.8538990e-01
-3.0095168e-01
-1.3483174e-01
5.0241281e-02
1.5452477e-01
2.0328099e-01
2.8432407e-01
3.8798349e-01
4.5322664e-01
4.2778702e-01
3.1242397e-01
2.2543140e-01
2.9730370e-01
4.6330146e-01
5.5254029e-01
4.9938722e-01
3.2175107e-01
6.3243597e-02
-1.9884729e-01
-3.8735568e-01
-4.8638623e-01
-5.2660447e-01
-5.3615930e-01
-5.2485055e-01
-5.0114280e-01
-4.7301220e-01
-4.2670281e-01
-3.3345461e-01
-1.6951737e-01
6.5693091e-02
3.2572209e-01
5.3843667e-01
6.6980647e-01
7.0424065e-01
6.0372092e-01
3.5893021e-01
5.8236226e-02
-1.6717235e-01
-2.6609533e-01
-2.5697414e-01
-1.7865304e-01
-1.1462301e-01
-1.4917916e-01
-2.6728016e-01
-3.9695110e-01
-4.9507104e-01
-5.0534452e-01
-3.8840529e-01
-1.8724498e-01
1.7746609e-02
1.6571245e-01
2.5859632e-01
3.3354632e-01
3.9421865e-01
4.1191760e-01
3.9588934e-01
3.9187677e-01
4.0853584e-01
4.1210265e-01
3.6377199e-01
2.6812749e-01
2.1695671e-01
2.4798676e-01
2.3536907e-01
6.5273078e-02
-2.0623330e-01
-4.1137307e-01
-4.7768955e-01
-4.6056975e-01
-4.1692235e-01
-3.6589124e-01
-2.9400381e-01
-2.1060417e-01
-1.5895469e-01
-1.3956376e-01
-1.1470727e-01
-5.5689157e-02
2.1057717e-02
7.0362930e-02
8.0371918e-02
2.4936550e-02
-8.5446675e-02
-1.5239305e-01
-1.3022340e-01
-3.8470168e-02
1.1157029e-01
2.5986072e-01
2.8447712e-01
1.5715406e-01
-4.8738606e-02
-2.5955924e-01
-3.7429187e-01
-3.0035441e-01
-3.8135210e-02
2.8883766e-01
5.4063236e-01
6.9470647e-01
7.4987331e-01
6.6461411e-01
4.3987597e-01
1.2672451e-01
-1.9538202e-01
-4.6318374e-01
-6.6475655e-01
-7.9202501e-01
-8.2070762e-01
-7.1996170e-01
-4.6731922e-01
-1.4346446e-01
9.5660100e-02
1.9961829e-01
2.7267220e-01
4.0611027e-01
5.3056965e-01
5.7218048e-01
5.4674140e-01
4.6127417e-01
2.9791662e-01
6.5613804e-02
-2.0882267e-01
-4.7010549e-01
-6.1488057e-01
-6.0582908e-01
-4.7187960e-01
-2.4607305e-01
3.7884543e-02
3.3160211e-01
5.6920448e-01
6.9901553e-01
6.8665779e-01
5.4141165e-01
3.0220038e-01
6.0933034e-03
-2.8245350e-01
-4.9834164e-01
-6.0704070e-01
-5.9361653e-01
-4.7746129e-01
-2.9678679e-01
-1.0698772e-01
-2.5982167e-03
1.0731720e-03
1.1447553e-02
9.5574893e-02
2.1386060e-01
2.9494065e-01
3.1029127e-01
2.8773471e-01
2.7723251e-01
2.5995534e-01
1.6751883e-01
2.3493575e-02
-9.5192286e-02
-1.6684614e-01
-1.9806995e-01
-1.8774827e-01
-1.5799739e-01
-1.3877373e-01
-1.4310892e-01
-1.7872492e-01
-2.0070441e-01
-1.5365605e-01
-5.7326472e-02
5.6363103e-02
1.6943456e-01
2.3231789e-01
2.3732957e-01
2.2552415e-01
1.9758821e-01
1.1910556e-01
-2.3424712e-02
-1.6644008e-01
-2.7516401e-01
-3.8139678e-01
-4.6736794e-01
-4.8646298e-01
-4.2890529e-01
-3.1472805e-01
-1.4541239e-01
1.1133481e-01
4.2255485e-01
6.6211824e-01
7.5731279e-01
7.0783395e-01
5.3938158e-01
3.3136546e-01
1.1483167e-01
-1.3111867e-01
-3.4125914e-01
-4.4387874e-01
-4.3114846e-01
-3.0683821e-01
-8.8584037e-02
1.4450136e-01
2.4939823e-01
1.7364995e-01
2.1973676e-02
-1.0827896e-01
-2.0890580e-01
-3.0896235e-01
-3.9450456e-01
-3.9561079e-01
-2.8980813e-01
-1.0428681e-01
1.1093186e-01
2.7713357e-01
3.8565447e-01
4.8414595e-01
5.4938446e-01
5.0929688e-01
3.3075883e-01
7.4134951e-02
-1.5164361e-01
-3.1066863e-01
-4.1500925e-01
-4.3135100e-01
-3.3800548e-01
-1.7870787e-01
1.6355764e-02
2.0737175e-01
3.0484729e-01
2.6609314e-01
1.4027232e-01
6.5017370e-03
-1.2565422e-01
-2.5680360e-01
-3.3681303e-01
-3.6238506e-01
-3.6328547e-01
-3.2238858e-01
-1.8077274e-01
4.4802963e-02
2.4621179e-01
3.7678003e-01
4.5126135e-01
4.6577701e-01
4.1673874e-01
3.4714865e-01
2.9481301e-01
2.2396816e-01
9.0055669e-02
-9.3424297e-02
-2.6931253e-01
-4.0387078e-01
-4.7625268e-01
-4.6769513e-01
-4.0171743e-01
-2.9619592e-01
-1.4294662e-01
2.8294078e-02
1.4383237e-01
2.0511778e-01
2.8998976e-01
3.8325010e-01
3.7398782e-01
2.3194640e-01
4.9539296e-02
-8.1105419e-02
-1.3293742e-01
-1.4386002e-01
-1.6108961e-01
-1.5441810e-01
-8.0502611e-02
4.4478652e-02
1.4816035e-01
1.2839579e-01
-2.9362424e-02
