0.0000000e+00
-1.2949511e-06
-8.7246941e-06
-2.7354596e-05
-6.2179463e-05
-1.1819883e-04
-1.9863195e-04
-3.0063132e-04
-4.1017424e-04
-4.9898556e-04
-5.2623136e-04
-4.4734038e-04
-2.3008333e-04
1.2721711e-04
5.8460314e-04
1.0637157e-03
1.4654239e-03
1.6953379e-03
1.6887165e-03
1.4284321e-03
9.5190373e-04
3.4011216e-04
-3.1066114e-04
-9.0312919e-04
-1.3574355e-03
-1.6231512e-03
-1.6820033e-03
-1.5438909e-03
-1.2401553e-03
-8.1672376e-04
-3.2728157e-04
1.7358938e-04
6.3651296e-04
1.0221649e-03
1.3050155e-03
1.4757193e-03
1.5402735e-03
1.5135622e-03
1.4086123e-03
1.2284201e-03
9.6856782e-04
6.3590438e-04
2.5289339e-04
-1.3174984e-04
-4.4994736e-04
-6.3731480e-04
-6.6053943e-04
-5.3530638e-04
-3.2406576e-04
-1.1131998e-04
3.3997926e-05
8.9975197e-05
8.9535047e-05
1.0056091e-04
1.8837012e-04
3.7711018e-04
6.2752257e-04
8.4459215e-04
9.1638426e-04
7.6777270e-04
3.9953530e-04
-1.1303653e-04
-6.5856380e-04
-1.1196619e-03
-1.4099376e-03
-1.4941161e-03
-1.3822949e-03
-1.1101873e-03
-7.2087440e-04
-2.5701578e-04
2.3640316e-04
7.0554608e-04
1.0871191e-03
1.3200784e-03
1.3664937e-03
1.2285499e-03
9.4773741e-04
5.8409309e-04
1.8934027e-04
-2.0694398e-04
-5.8544198e-04
-9.0372896e-04
-1.1210473e-03
-1.2020894e-03
-1.1245149e-03
-8.9259557e-04
-5.4503776e-04
-1.4970794e-04
2.1504965e-04
4.8465900e-04
6.2695806e-04
6.4749528e-04
5.8048062e-04
4.7055116e-04
3.5382841e-04
2.4592438e-04
1.4023183e-04
1.5507632e-05
-1.5021445e-04
-3.6379295e-04
-6.0697124e-04
-8.3643277e-04
-1.0030625e-03
-1.0605987e-03
-9.8021842e-04
-7.6476197e-04
-4.5030877e-04
-9.4715059e-05
2.4002959e-04
5.0366428e-04
6.6691019e-04
7.2257822e-04
6.7999957e-04
5.5770224e-04
3.7984830e-04
1.7645400e-04
-1.8547206e-05
-1.7509880e-04
-2.7660176e-04
-3.2443932e-04
-3.3522701e-04
-3.3163637e-04
-3.3733356e-04
-3.5683726e-04
-3.6700861e-04
-3.2868399e-04
-2.1141382e-04
-1.5854313e-05
2.2104876e-04
4.4054327e-04
5.8588755e-04
6.2203387e-04
5.4371458e-04
3.7252706e-04
1.4753040e-04
-8.6590729e-05
-2.9067742e-04
-4.3851463e-04
-5.1891737e-04
-5.3401885e-04
-4.9545907e-04
-4.1668294e-04
-3.1666743e-04
-2.1969930e-04
-1.4705237e-04
-1.0737975e-04
-9.1276718e-05
-7.3924657e-05
-2.6607994e-05
6.6073809e-05
1.9107008e-04
3.0367757e-04
3.4182438e-04
2.5339369e-04
2.3717721e-05
-3.0976213e-04
-6.6241842e-04
-9.2691208e-04
-1.0105824e-03
-8.7182408e-04
-5.3986674e-04
-1.0420152e-04
3.3190462e-04
6.8387022e-04
9.0823996e-04
1.0060999e-03
1.0054025e-03
9.3463518e-04
8.0443522e-04
6.0771089e-04
3.3641012e-04
2.5758492e-06
-3.5048876e-04
-6.5416871e-04
-8.3518949e-04
-8.4222601e-04
-6.6764437e-04
-3.5445771e-04
1.6515272e-05
3.5500807e-04
5.8920148e-04
6.7462341e-04
6.1967118e-04
4.7417463e-04
3.0074801e-04
1.5000700e-04
4.6920486e-05
-1.0849960e-05
-4.5274507e-05
-8.3718961e-05
-1.4253444e-04
-2.1521378e-04
-2.7093179e-04
-2.6557528e-04
-1.6335269e-04
3.8502262e-05
2.9588456e-04
5.2817062e-04
6.5313556e-04
6.2881171e-04
4.7305131e-04
2.4599512e-04
3.2466892e-05
-9.8553064e-05
-1.1969927e-04
-4.6560794e-05
7.5549797e-05
1.8960682e-04
2.4366198e-04
2.0388183e-04
6.2205217e-05
-1.6230552e-04
-4.2776965e-04
-6.7823372e-04
-8.5606821e-04
-9.1630637e-04
-8.3881723e-04
-6.3306441e-04
-3.3273837e-04
1.6973960e-05
3.6757693e-04
6.6758625e-04
8.9497694e-04
1.0409655e-03
1.0916487e-03
1.0270590e-03
8.3439277e-04
5.2400025e-04
1.3554623e-04
-2.6887951e-04
-6.1969035e-04
-8.5610417e-04
-9.3873839e-04
-8.5595837e-04
-6.2438457e-04
-2.8518218e-04
1.0306565e-04
4.7452397e-04
7.6824014e-04
9.4036376e-04
9.7255307e-04
8.6714942e-04
6.5145160e-04
3.7521845e-04
9.5560926e-05
-1.4082558e-04
-3.0998185e-04
-4.1264472e-04
-4.6616304e-04
-4.9099221e-04
-4.9772501e-04
-4.8015770e-04
-4.1822330e-04
-2.9034533e-04
-8.8923227e-05
1.6985735e-04
4.4731484e-04
6.9411023e-04
8.6753730e-04
9.4647538e-04
9.3516793e-04
8.5398660e-04
7.2899725e-04
5.7421147e-04
3.8968462e-04
1.7318806e-04
-6.5897120e-05
-2.9989065e-04
-4.8718716e-04
-5.8602750e-04
-5.7206970e-04
-4.5188817e-04
-2.6508792e-04
-7.2079601e-05
6.8504019e-05
1.2268645e-04
9.3370406e-05
1.6560005e-05
-5.5930039e-05
-7.9638821e-05
-3.5669417e-05
6.4944993e-05
1.8671003e-04
2.7737142e-04
2.8812133e-04
1.9591742e-04
1.5891105e-05
-2.0182948e-04
-3.8983288e-04
-4.8825787e-04
-4.6627840e-04
-3.3154282e-04
-1.2453626e-04
9.8554424e-05
2.8654192e-04
4.0909493e-04
4.6230032e-04
4.6281816e-04
4.3367823e-04
3.8882134e-04
3.2884674e-04
2.5189762e-04
1.4886178e-04
1.4125876e-05
-1.4603886e-04
-3.1438937e-04
-4.7035385e-04
-5.9837120e-04
-6.9058079e-04
-7.4166167e-04
-7.3993214e-04
-6.6280719e-04
-4.8320135e-04
-1.8694776e-04
2.0677751e-04
6.3448587e-04
9.9688713e-04
1.1888869e-03
1.1420936e-03
8.6052086e-04
4.2930227e-04
-1.2857183e-05
-3.4211140e-04
-4.9761467e-04
-4.9747142e-04
-4.1488020e-04
-3.3053596e-04
-2.9117882e-04
-2.9477745e-04
-3.0359129e-04
-2.7210596e-04
-1.7289883e-04
-8.1571315e-06
1.9584581e-04
4.0438510e-04
5.8882985e-04
7.3253153e-04
8.2825817e-04
8.7219610e-04
8.5914117e-04
7.8194390e-04
6.3451935e-04
4.1518278e-04
1.3577627e-04
-1.7473268e-04
-4.7184866e-04
-7.0336172e-04
-8.2224853e-04
-8.0060629e-04
-6.3936137e-04
-3.6956782e-04
-4.4292854e-05
2.7594192e-04
5.3901529e-04
7.1356469e-04
7.9422493e-04
7.9773058e-04
7.5132592e-04
6.7912781e-04
5.9285581e-04
4.9096615e-04
3.6858710e-04
2.2456293e-04
6.0234624e-05
-1.1766858e-04
-2.9361272e-04
-4.4425770e-04
-5.4475923e-04
-5.7729851e-04
-5.3694410e-04
-4.3194000e-04
-2.7929477e-04
-9.9128120e-05
8.8760043e-05
2.6493124e-04
4.0912528e-04
5.0149418e-04
5.2709490e-04
4.8049108e-04
3.6741073e-04
2.0439556e-04
1.9064676e-05
-1.5969890e-04
-3.0659017e-04
-4.0223472e-04
-4.3396902e-04
-3.9696490e-04
-2.9719684e-04
-1.5498197e-04
-4.8591330e-06
1.1155562e-04
1.5832450e-04
1.1832071e-04
1.5100615e-06
-1.5464356e-04
-2.9359171e-04
-3.5650604e-04
-3.0480614e-04
-1.4090715e-04
8.4715944e-05
2.8908153e-04
3.9086158e-04
3.4214478e-04
1.5442592e-04
-1.0738098e-04
-3.5335572e-04
-5.0289036e-04
-5.1076813e-04
-3.7692203e-04
-1.3985677e-04
1.4033068e-04
4.0179813e-04
5.9752920e-04
7.0486222e-04
7.2660280e-04
6.8451599e-04
6.0793285e-04
5.2167026e-04
4.3760783e-04
3.5250014e-04
2.5310280e-04
1.2497187e-04
-4.6600827e-05
-2.5902158e-04
-4.8738029e-04
-6.9090843e-04
-8.2497976e-04
-8.5419423e-04
-7.6198495e-04
-5.5352550e-04
-2.5227518e-04
1.0594629e-04
4.7791255e-04
8.1736039e-04
1.0809364e-03
1.2355936e-03
1.2647720e-03
1.1709790e-03
9.7452337e-04
7.0936102e-04
4.1625196e-04
1.3465636e-04
-1.0933205e-04
-3.0440529e-04
-4.5090873e-04
-5.5402437e-04
-6.1785160e-04
-6.4191245e-04
-6.1981244e-04
-5.4083152e-04
-3.9628836e-04
-1.8961480e-04
5.6559898e-05
3.0396129e-04
5.1311934e-04
6.5982473e-04
7.4250375e-04
7.7580662e-04
7.7515723e-04
7.4250273e-04
6.6224016e-04
5.1118273e-04
2.6935069e-04
-5.9134391e-05
-4.3655701e-04
-7.9481379e-04
-1.0505604e-03
-1.1291827e-03
-9.9023785e-04
-6.4482080e-04
-1.5751233e-04
3.6891820e-04
8.2202407e-04
1.1130686e-03
1.2040594e-03
1.1163340e-03
9.1392835e-04
6.6867539e-04
4.2702118e-04
1.9767366e-04
-3.3617693e-05
-2.7171060e-04
-5.1492612e-04
-7.4161278e-04
-9.1337920e-04
-9.9235478e-04
-9.5826483e-04
-8.1723880e-04
-5.9945891e-04
-3.4766836e-04
-1.0193945e-04
1.1279700e-04
2.9143766e-04
4.4385172e-04
5.8305244e-04
7.1258271e-04
8.1935375e-04
8.7518761e-04
8.4733761e-04
7.1482411e-04
4.8004490e-04
1.6958667e-04
-1.7584386e-04
-5.0431933e-04
-7.6382679e-04
-9.1512841e-04
-9.3873096e-04
-8.3581309e-04
-6.2485456e-04
-3.3632198e-04
-7.7803834e-06
3.1938882e-04
6.0257473e-04
8.0201703e-04
8.8740205e-04
8.4511301e-04
6.8279556e-04
4.2913881e-04
1.2870231e-04
-1.6733088e-04
-4.1098109e-04
-5.6187939e-04
-6.0398943e-04
-5.4798580e-04
-4.2357481e-04
-2.6743390e-04
-1.1116386e-04
2.5734804e-05
1.3501963e-04
2.1380272e-04
2.5989542e-04
2.7204429e-04
2.5340958e-04
2.1407893e-04
1.6974762e-04
1.3682777e-04
1.2660962e-04
1.4133923e-04
1.7394004e-04
2.1152248e-04
2.4014146e-04
2.4790306e-04
2.3171470e-04
1.9641645e-04
1.4801640e-04
8.7700900e-05
1.0458695e-05
-8.9498157e-05
-2.0923559e-04
-3.2997148e-04
-4.1892596e-04
-4.4183551e-04
-3.7974840e-04
-2.3931884e-04
-5.0053747e-05
1.4874381e-04
3.2232990e-04
4.4842540e-04
5.1724818e-04
5.2741118e-04
4.8301492e-04
3.9276500e-04
2.6394838e-04
1.0007641e-04
-9.8424286e-05
-3.2547335e-04
-5.5881587e-04
-7.5638074e-04
-8.6490462e-04
-8.3810812e-04
-6.5554008e-04
-3.3294000e-04
8.0609276e-05
5.1772422e-04
9.1390987e-04
1.2254397e-03
1.4348065e-03
1.5410361e-03
1.5428627e-03
1.4293587e-03
1.1870579e-03
8.1760380e-04
3.4775060e-04
-1.6794407e-04
-6.5868937e-04
-1.0498426e-03
-1.2740439e-03
-1.2824745e-03
-1.0582232e-03
-6.2995384e-04
-7.8472568e-05
4.7221904e-04
8.8278066e-04
1.0414677e-03
9.0957236e-04
5.4857884e-04
1.0906751e-04
-2.2374142e-04
-3.0992873e-04
-1.2333181e-04
2.3103765e-04
5.7602859e-04
7.5249183e-04
6.7802893e-04
3.7106551e-04
-6.8231024e-05
-5.0566623e-04
-8.2491049e-04
-9.6316476e-04
-9.2016333e-04
-7.4203680e-04
-4.9189860e-04
-2.2357406e-04
2.9286573e-05
2.4776772e-04
4.1576569e-04
5.1349260e-04
5.2155816e-04
4.3247291e-04
2.6165415e-04
5.0126553e-05
-1.3904255e-04
-2.4424935e-04
-2.4430808e-04
-1.6984005e-04
-8.2067074e-05
-3.3885772e-05
-3.8489384e-05
-6.5746051e-05
-6.6232169e-05
-5.1237747e-06
1.1563472e-04
2.5899283e-04
3.7431673e-04
4.2272977e-04
3.9067843e-04
2.8761028e-04
1.3572614e-04
-3.7500109e-05
-2.0056433e-04
-3.1956460e-04
-3.6969393e-04
-3.4462776e-04
-2.5189891e-04
-1.1522058e-04
2.4215080e-05
1.1443386e-04
1.0826375e-04
-1.6173971e-05
-2.3839431e-04
-4.9315535e-04
-6.8976547e-04
-7.4696173e-04
-6.2559694e-04
-3.4254167e-04
3.8866568e-05
4.3406058e-04
7.6430675e-04
9.7401557e-04
1.0354785e-03
9.4769140e-04
7.3582480e-04
4.3524277e-04
8.4384144e-05
-2.7587327e-04
-5.9945279e-04
-8.3597958e-04
-9.4025564e-04
-8.8756765e-04
-6.8591227e-04
-3.7660197e-04
-2.1591140e-05
3.1608927e-04
5.8961447e-04
7.7732448e-04
8.8176338e-04
9.2038912e-04
9.1221431e-04
8.6624416e-04
7.7667303e-04
6.2734927e-04
4.0641229e-04
1.1834742e-04
-2.0901043e-04
-5.2743064e-04
-7.7903409e-04
-9.1121681e-04
-8.9151842e-04
-7.1777027e-04
-4.2011938e-04
-5.4303967e-05
3.1148366e-04
6.1239472e-04
8.0191810e-04
8.6253235e-04
8.0786411e-04
6.7445240e-04
5.0673252e-04
3.4229852e-04
2.0266391e-04
8.9692645e-05
-1.2055649e-05
-1.2612180e-04
-2.6514079e-04
-4.2042681e-04
-5.6102954e-04
-6.4323031e-04
-6.2841291e-04
-5.0117294e-04
-2.7776327e-04
-3.8524813e-07
2.7928793e-04
5.1900566e-04
6.9767452e-04
8.1347477e-04
8.7020685e-04
8.6270083e-04
7.7371486e-04
5.8640524e-04
3.0450323e-04
-3.5787994e-05
-3.7464174e-04
-6.5503126e-04
-8.2870290e-04
-8.7005805e-04
-7.8678091e-04
-6.1701516e-04
-4.1442525e-04
-2.2764129e-04
-8.2092300e-05
2.8447042e-05
1.3598682e-04
2.7959685e-04
4.8225784e-04
7.3398697e-04
9.8801479e-04
1.1710663e-03
1.2053421e-03
1.0376251e-03
6.6676146e-04
1.5450612e-04
-3.9297731e-04
-8.6684617e-04
-1.1753920e-03
-1.2659509e-03
-1.1371680e-03
-8.3505239e-04
-4.3726358e-04
-3.2797999e-05
2.9750540e-04
4.9693028e-04
5.4412943e-04
4.5814946e-04
2.9447051e-04
1.2994692e-04
3.8610941e-05
6.5184322e-05
2.0555050e-04
4.0272679e-04
5.6307645e-04
5.8912902e-04
4.2042557e-04
6.0254185e-05
-4.0948282e-04
-8.5242244e-04
-1.1307287e-03
-1.1594527e-03
-9.3790280e-04
-5.4451347e-04
-9.9947641e-05
2.8153604e-04
5.2886619e-04
6.2541914e-04
5.9679508e-04
4.8731222e-04
3.3842885e-04
1.7777171e-04
2.0194588e-05
-1.2469010e-04
-2.4628201e-04
-3.3280774e-04
-3.7240633e-04
-3.6119029e-04
-3.0222964e-04
-2.0072093e-04
-6.2748809e-05
1.0313832e-04
2.8368214e-04
4.5953203e-04
6.0436661e-04
6.8491611e-04
6.6455468e-04
5.1317486e-04
2.2240281e-04
-1.8024928e-04
-6.2782391e-04
-1.0274153e-03
-1.2884523e-03
-1.3547280e-03
-1.2256450e-03
-9.5505466e-04
-6.2924174e-04
-3.3369787e-04
-1.1779130e-04
1.5503949e-05
9.7630442e-05
1.7208808e-04
2.7260051e-04
4.0941911e-04
5.6736949e-04
7.1443346e-04
8.1534746e-04
8.4398893e-04
7.9113712e-04
6.6692270e-04
4.9759605e-04
3.1617969e-04
1.4960744e-04
9.0672296e-06
-1.1082915e-04
-2.2287243e-04
-3.3490876e-04
-4.5078355e-04
-5.6453855e-04
-6.5838577e-04
-7.0786546e-04
-6.9254164e-04
-6.0602610e-04
-4.5764845e-04
-2.6521671e-04
-4.6897496e-05
1.7991567e-04
3.9349844e-04
5.6398268e-04
6.5652662e-04
6.4080788e-04
5.0207495e-04
2.4885822e-04
-8.5248127e-05
-4.4594538e-04
-7.6874156e-04
-9.9099009e-04
-1.0733556e-03
-1.0022198e-03
-7.8988066e-04
-4.7356827e-04
-1.1023766e-04
2.3407687e-04
4.9992303e-04
6.5117804e-04
6.8571704e-04
6.3345299e-04
5.4082863e-04
4.4853931e-04
3.7369919e-04
3.0530729e-04
2.1444320e-04
7.3374831e-05
-1.2550845e-04
-3.5938944e-04
-5.7906633e-04
-7.2429394e-04
-7.4978566e-04
-6.4533345e-04
-4.4096952e-04
-2.0005435e-04
-8.7192664e-07
8.8662328e-05
3.6418163e-05
-1.3738702e-04
-3.6074134e-04
-5.3065877e-04
-5.5001839e-04
-3.6914730e-04
-1.6460863e-05
3.9733035e-04
7.1001032e-04
7.6782997e-04
4.9247990e-04
-7.5129876e-05
-7.7612398e-04
-1.3832950e-03
-1.7009873e-03
-1.6267118e-03
-1.1747276e-03
-4.6206062e-04
3.3667376e-04
1.0459417e-03
1.5367456e-03
1.7510232e-03
1.6993148e-03
1.4379366e-03
1.0389350e-03
5.6656031e-04
6.6977069e-05
-4.3048790e-04
-9.0594684e-04
-1.3407455e-03
-1.7126217e-03
-1.9955131e-03
-2.1614061e-03
-2.1825664e-03
-2.0420564e-03
-1.7328227e-03
-1.2629447e-03
-6.6608194e-04
-5.2025655e-06
6.3495983e-04
1.1641116e-03
1.5046358e-03
1.6056328e-03
1.4500604e-03
1.0563049e-03
4.7673841e-04
-2.0638738e-04
-8.8944683e-04
-1.4615874e-03
-1.8240447e-03
-1.9121708e-03
-1.7151749e-03
-1.2890490e-03
-7.4539331e-04
-2.0039871e-04
2.4614133e-04
5.3357502e-04
6.5312749e-04
6.4295504e-04
5.7005416e-04
5.0620308e-04
5.0333596e-04
5.7365570e-04
6.8182621e-04
7.5499654e-04
7.0906513e-04
4.8152403e-04
5.8740291e-05
-5.1106094e-04
-1.1236104e-03
-1.6444553e-03
-1.9498587e-03
-1.9634624e-03
-1.6674707e-03
-1.1148366e-03
-4.2402396e-04
2.5660364e-04
7.9240441e-04
1.0975315e-03
1.1519724e-03
9.9607297e-04
7.0535943e-04
3.5740298e-04
7.3083913e-06
-3.1691723e-04
-6.0146857e-04
-8.2985085e-04
-9.7587872e-04
-1.0116696e-03
-9.2503030e-04
-7.3404173e-04
-4.8730256e-04
-2.5077454e-04
-9.0545398e-05
-3.1758822e-05
-4.5507007e-05
-6.7561985e-05
-3.2967560e-05
9.0912250e-05
2.8809613e-04
4.9946640e-04
6.4535263e-04
6.5586968e-04
4.9863174e-04
1.9417983e-04
-1.8726936e-04
-5.4740663e-04
-7.9132204e-04
-8.5590786e-04
-7.2486714e-04
-4.2821736e-04
-3.0893525e-05
3.8127334e-04
7.1563720e-04
9.1279403e-04
9.6309574e-04
8.9908063e-04
7.7124167e-04
6.2036414e-04
4.6110744e-04
2.8409832e-04
7.2728820e-05
-1.7629951e-04
-4.4025938e-04
-6.7258386e-04
-8.1924181e-04
-8.4099670e-04
-7.3031835e-04
-5.1515052e-04
-2.4888583e-04
8.1285825e-06
2.0807400e-04
3.2679763e-04
3.5668041e-04
3.1413493e-04
2.3557212e-04
1.6324546e-04
1.3009955e-04
1.4624712e-04
1.9280067e-04
2.2815169e-04
2.0660608e-04
1.0202614e-04
-7.4869845e-05
-2.7433362e-04
-4.2265352e-04
-4.4965282e-04
-3.1837944e-04
-4.4583575e-05
3.0348342e-04
6.2666493e-04
8.3022509e-04
8.5902118e-04
7.1286006e-04
4.4076436e-04
1.3195008e-04
-1.1610471e-04
-2.3388276e-04
-2.0386900e-04
-6.3779059e-05
1.1055012e-04
2.3504036e-04
2.4911658e-04
1.3820900e-04
-6.1149491e-05
-2.7502438e-04
-4.1838774e-04
-4.2448086e-04
-2.6849535e-04
2.1434178e-05
3.7029338e-04
6.7884155e-04
8.5333596e-04
8.2998174e-04
6.1186899e-04
2.7689594e-04
-5.1721474e-05
-2.5650816e-04
-2.7730417e-04
-1.3972429e-04
5.4458645e-05
1.7359347e-04
1.1996481e-04
-1.1943446e-04
-4.6230940e-04
-7.6724039e-04
-8.9773245e-04
-7.8164682e-04
-4.3844060e-04
3.5236878e-05
5.1095646e-04
8.8159452e-04
1.0898158e-03
1.1160808e-03
9.9135374e-04
7.8511999e-04
5.7128747e-04
3.9819663e-04
2.7701103e-04
1.8943158e-04
1.0604418e-04
4.2515217e-06
-1.2202804e-04
-2.6303392e-04
-4.0050137e-04
-5.1477699e-04
-5.8698314e-04
-5.9818762e-04
-5.3219990e-04
-3.8437616e-04
-1.6959246e-04
7.9552374e-05
3.2485791e-04
5.3065860e-04
6.6917505e-04
7.2559209e-04
6.9267906e-04
5.6628827e-04
3.4818584e-04
5.4916762e-05
-2.7428858e-04
-5.7760437e-04
-7.8145420e-04
-8.2015456e-04
-6.5932197e-04
-3.1495608e-04
1.4227013e-04
6.0453667e-04
9.6289943e-04
1.1478117e-03
1.1558938e-03
1.0488380e-03
9.2434096e-04
8.7575316e-04
9.5434885e-04
1.1110519e-03
1.2067793e-03
1.0798984e-03
6.3014304e-04
-1.1929274e-04
-1.0099219e-03
-1.7944444e-03
-2.2258799e-03
-2.1541997e-03
-1.5882854e-03
-6.9379682e-04
2.7205415e-04
1.0566281e-03
1.4951189e-03
1.5501216e-03
1.3010690e-03
8.9759207e-04
5.0370473e-04
2.5203191e-04
1.9613359e-04
2.9820980e-04
4.5585225e-04
5.4920455e-04
4.8846698e-04
2.4671039e-04
-1.3187339e-04
-5.5012450e-04
-8.9441204e-04
-1.0742750e-03
-1.0492240e-03
-8.3375831e-04
-4.8338750e-04
-7.2486454e-05
3.2574737e-04
6.5233514e-04
8.6848031e-04
9.5678172e-04
9.1994131e-04
7.7805371e-04
5.6643639e-04
3.2069435e-04
7.0089680e-05
-1.6265144e-04
-3.6086863e-04
-5.1447177e-04
-6.2032768e-04
-6.8059237e-04
-6.9839071e-04
-6.7299377e-04
-5.9829184e-04
-4.6649124e-04
-2.7495949e-04
-3.1860971e-05
2.4239320e-04
5.1750101e-04
7.5719536e-04
9.2365146e-04
9.8415562e-04
9.2037318e-04
7.2766176e-04
4.1972690e-04
2.9331416e-05
-3.9288868e-04
-7.8220300e-04
-1.0682242e-03
-1.1890006e-03
-1.1083477e-03
-8.3025798e-04
-4.0308458e-04
9.1062583e-05
5.6028566e-04
9.3181226e-04
1.1733673e-03
1.2968706e-03
1.3427233e-03
1.3526499e-03
1.3444892e-03
1.3051107e-03
1.2110918e-03
1.0410091e-03
7.8066798e-04
4.3385793e-04
2.7992462e-05
-3.9024585e-04
-7.6585660e-04
-1.0480404e-03
-1.2003967e-03
-1.2068817e-03
-1.0733648e-03
-8.2556162e-04
-5.0404722e-04
-1.5637803e-04
1.7276125e-04
4.4956832e-04
6.5305524e-04
7.7122435e-04
7.9677063e-04
7.2820381e-04
5.7564479e-04
3.5724488e-04
1.0441183e-04
-1.4161303e-04
-3.3906930e-04
-4.5428886e-04
-4.6749414e-04
-3.7637445e-04
-1.9776350e-04
3.4034238e-05
2.7359548e-04
4.7426593e-04
5.9818298e-04
6.2285529e-04
5.4295439e-04
3.6915594e-04
1.2663396e-04
-1.4667665e-04
-4.0425220e-04
-5.9794095e-04
-6.9078846e-04
-6.8021558e-04
-5.8191720e-04
-4.2108548e-04
-2.3290855e-04
-6.0076952e-05
5.8706007e-05
1.0522571e-04
9.2719425e-05
6.3062246e-05
6.9408924e-05
1.5088721e-04
3.1079653e-04
5.1020335e-04
6.8245993e-04
7.6249838e-04
7.1553770e-04
5.5055921e-04
3.1372213e-04
7.1965464e-05
-1.0080804e-04
-1.6279406e-04
-1.2381614e-04
-3.6912684e-05
2.7758534e-05
1.3950482e-05
-9.6938264e-05
-2.7759277e-04
-4.6359542e-04
-5.7565175e-04
-5.4860071e-04
-3.5791971e-04
-3.3263419e-05
3.4725505e-04
6.8004608e-04
8.6753084e-04
8.4744411e-04
6.1146520e-04
2.0871944e-04
-2.6449768e-04
-6.8588456e-04
-9.6080029e-04
-1.0425922e-03
-9.3439060e-04
-6.8086865e-04
-3.5258547e-04
-2.8927595e-05
2.1870715e-04
3.4400805e-04
3.4011483e-04
2.4347864e-04
1.2086071e-04
4.1429517e-05
4.4827297e-05
1.1986429e-04
2.0577552e-04
2.1914131e-04
9.6765688e-05
-1.6596671e-04
-5.0642949e-04
-8.2450832e-04
-1.0229656e-03
-1.0385292e-03
-8.6128959e-04
-5.3346768e-04
-1.2931106e-04
2.7171705e-04
6.0584907e-04
8.3372831e-04
9.3855428e-04
9.1972063e-04
7.8770614e-04
5.6278361e-04
2.7642783e-04
-2.8324101e-05
-3.0180867e-04
-4.9956874e-04
-5.9761825e-04
-6.0346680e-04
-5.5503805e-04
-5.0549572e-04
-5.0005677e-04
-5.4960534e-04
-6.2447447e-04
-6.6832407e-04
-6.2506212e-04
-4.6577440e-04
-2.0291811e-04
1.1444197e-04
4.2133601e-04
6.6295675e-04
8.1351966e-04
8.7961262e-04
8.8751777e-04
8.6195152e-04
8.0841683e-04
7.0967299e-04
5.3880137e-04
2.8135227e-04
-4.7908233e-05
-4.0092079e-04
-7.1682776e-04
-9.3532729e-04
-1.0141403e-03
-9.4562010e-04
-7.6000209e-04
-5.1471236e-04
-2.7526049e-04
-9.5275993e-05
-1.9131214e-06
8.8758361e-06
-3.4764193e-05
-9.6745966e-05
-1.5105888e-04
-1.9366938e-04
-2.4294965e-04
-3.2777523e-04
-4.6786624e-04
-6.5546852e-04
-8.5136555e-04
-9.9946215e-04
-1.0525770e-03
-9.7874456e-04
-7.7008086e-04
-4.4826487e-04
-5.7861876e-05
3.5080477e-04
7.4163180e-04
1.1029357e-03
1.4380286e-03
1.7398583e-03
1.9671842e-03
2.0412432e-03
1.8705131e-03
1.3951482e-03
6.3017987e-04
-3.1621621e-04
-1.2633894e-03
-2.0132546e-03
-2.4125775e-03
-2.3958539e-03
-2.0115943e-03
-1.4023592e-03
-7.4967863e-04
-2.1113074e-04
1.2471649e-04
2.5272983e-04
2.3536523e-04
1.6761945e-04
1.3927733e-04
2.0872763e-04
3.9372504e-04
6.7467637e-04
1.0019158e-03
1.3020438e-03
1.4854277e-03
1.4605288e-03
1.1578408e-03
5.5942145e-04
-2.7481452e-04
-1.2001790e-03
-2.0493209e-03
-2.6551735e-03
-2.8911838e-03
-2.7137811e-03
-2.1786730e-03
-1.4216728e-03
-6.1297639e-04
9.4268948e-05
6.0167644e-04
8.7929526e-04
9.5520205e-04
8.9011471e-04
7.5039494e-04
5.8980758e-04
4.4364437e-04
3.3216510e-04
2.6592695e-04
2.4647139e-04
2.6114260e-04
2.9437777e-04
3.2917112e-04
3.3835455e-04
2.9507613e-04
1.8940715e-04
3.8672167e-05
-1.1594342e-04
-2.2548372e-04
-2.5274701e-04
-1.8519337e-04
-3.7457687e-05
1.5425105e-04
3.4227074e-04
4.7968351e-04
5.3193570e-04
4.8388503e-04
3.3919414e-04
1.1378570e-04
-1.6984435e-04
-4.8068246e-04
-7.7783161e-04
-1.0149917e-03
-1.1145275e-03
-9.7960165e-04
-5.4275866e-04
1.8129631e-04
1.0714628e-03
1.9231171e-03
2.5105424e-03
2.6613623e-03
2.3116561e-03
1.5206672e-03
4.4192280e-04
-7.3340002e-04
-1.8330729e-03
-2.7351655e-03
-3.3660229e-03
-3.6774332e-03
-3.6266204e-03
-3.1879388e-03
-2.3972890e-03
-1.3319583e-03
-1.0512605e-04
1.1394352e-03
2.2391749e-03
3.0330745e-03
3.3886157e-03
3.2308614e-03
2.5675361e-03
1.5014195e-03
2.2066629e-04
-1.0374674e-03
-2.0439239e-03
-2.6393839e-03
-2.7769180e-03
-2.5272530e-03
-2.0436677e-03
-1.5008686e-03
-1.0321494e-03
-6.9383298e-04
-4.8363183e-04
-3.4874709e-04
-2.1850261e-04
-4.5769812e-05
1.7086504e-04
3.9052959e-04
5.5226529e-04
6.0356834e-04
5.2401439e-04
3.3617634e-04
9.9783127e-05
-1.0996799e-04
-2.3220413e-04
-2.4509466e-04
-1.7293214e-04
-7.0956463e-05
4.3471439e-06
2.2640401e-05
-9.5632495e-06
-5.9514816e-05
-9.4754140e-05
-9.2906286e-05
-3.9527440e-05
6.4049876e-05
1.9234440e-04
2.9900642e-04
3.3488648e-04
2.7231281e-04
1.2159368e-04
-6.9782179e-05
-2.3525081e-04
-3.1545255e-04
-2.7937949e-04
-1.3132443e-04
9.5977640e-05
3.5503162e-04
5.9716890e-04
7.8280066e-04
8.8758982e-04
9.0458395e-04
8.4259694e-04
7.2418791e-04
5.6863393e-04
3.8745182e-04
1.9012501e-04
-9.7033904e-06
-1.9303516e-04
-3.4054813e-04
-4.4092243e-04
-4.9695340e-04
-5.2496022e-04
-5.4695265e-04
-5.7882374e-04
-6.2012246e-04
-6.5113867e-04
-6.3985394e-04
-5.5585978e-04
-3.8436671e-04
-1.3386617e-04
1.6295430e-04
4.5274170e-04
6.9080910e-04
8.5224756e-04
9.3061486e-04
9.3160478e-04
8.6273534e-04
7.2633634e-04
5.2074509e-04
2.4847295e-04
-7.4709893e-05
-4.1518897e-04
-7.2285030e-04
-9.3722762e-04
-9.9738814e-04
-8.5517697e-04
-4.9095227e-04
7.1257322e-05
7.5512419e-04
1.4375417e-03
1.9749013e-03
2.2439161e-03
2.1848129e-03
1.8131512e-03
1.2106339e-03
4.9929735e-04
-1.9447688e-04
-7.7636349e-04
-1.2086838e-03
-1.5130776e-03
-1.7476760e-03
-1.9641221e-03
-2.1614963e-03
-2.2644581e-03
-2.1477214e-03
-1.7021326e-03
-9.0714455e-04
1.3319559e-04
1.2122156e-03
2.0896667e-03
2.5724267e-03
2.5701900e-03
2.1374497e-03
1.4390182e-03
6.8812724e-04
8.5573512e-05
-2.3125670e-04
-2.1787889e-04
7.5128056e-05
5.2458994e-04
9.7386549e-04
1.2793194e-03
1.3533784e-03
1.1915091e-03
8.7193810e-04
5.2424835e-04
2.7581005e-04
1.9879413e-04
2.8337586e-04
4.4799915e-04
5.7839135e-04
5.6384910e-04
3.4423717e-04
-5.0678739e-05
-5.2201385e-04
-9.5458158e-04
-1.2657017e-03
-1.4266097e-03
-1.4532121e-03
-1.3812360e-03
-1.2448970e-03
-1.0679571e-03
-8.6402208e-04
-6.3949357e-04
-3.9596271e-04
-1.3207992e-04
1.5389603e-04
4.5923726e-04
7.6941333e-04
1.0523760e-03
1.2603424e-03
1.3500935e-03
1.3001745e-03
1.1141773e-03
8.2087064e-04
4.6910332e-04
1.1986259e-04
-1.6289684e-04
-3.2330223e-04
-3.2674674e-04
-1.7263129e-04
9.8402928e-05
4.0841935e-04
6.6093245e-04
7.7163065e-04
6.9956581e-04
4.6386189e-04
1.3641011e-04
-1.8808365e-04
-4.3149814e-04
-5.5340935e-04
-5.4632152e-04
-4.4180113e-04
-2.9056490e-04
-1.4073470e-04
-2.4191105e-05
4.7831557e-05
8.3254137e-05
1.0398084e-04
1.3744616e-04
2.0597550e-04
3.1736932e-04
4.6064738e-04
6.0848891e-04
7.2505460e-04
7.7666396e-04
7.4212202e-04
6.1871793e-04
4.2153256e-04
1.7793171e-04
-7.8819761e-05
-3.1556092e-04
-5.0842194e-04
-6.4002776e-04
-7.0172378e-04
-6.9734572e-04
-6.4184058e-04
-5.5395642e-04
-4.4813956e-04
-3.3219370e-04
-2.1200080e-04
-9.7699118e-05
-4.5187777e-06
5.2638624e-05
6.5854568e-05
3.7218548e-05
-2.2781459e-05
-1.0003853e-04
-1.8264793e-04
-2.6464644e-04
-3.4504373e-04
-4.2043806e-04
-4.8828019e-04
-5.3290803e-04
-5.2879978e-04
-4.5579035e-04
-3.1169156e-04
-1.1574983e-04
9.6879684e-05
2.8731072e-04
4.2880216e-04
5.1990561e-04
5.8583357e-04
6.6341584e-04
7.7562776e-04
9.1047661e-04
1.0182474e-03
1.0303112e-03
8.8988419e-04
5.7930514e-04
1.3495082e-04
-3.5586422e-04
-7.9533245e-04
-1.1069870e-03
-1.2542113e-03
-1.2394373e-03
-1.0888384e-03
-8.3391949e-04
-5.0188839e-04
-1.1936276e-04
2.7709719e-04
6.3612420e-04
8.9981843e-04
1.0213431e-03
9.8121706e-04
7.9394886e-04
5.0357636e-04
1.7216707e-04
-1.3324981e-04
-3.5212793e-04
-4.4159047e-04
-3.8154437e-04
-1.8208316e-04
1.1502528e-04
4.3679267e-04
6.8348815e-04
7.5078849e-04
5.6926560e-04
1.4415303e-04
-4.2929159e-04
-9.9037566e-04
-1.3714796e-03
-1.4639343e-03
-1.2590429e-03
-8.4567411e-04
-3.6976906e-04
2.1201587e-05
2.2462748e-04
2.0704856e-04
5.5598876e-06
-2.8580345e-04
-5.3901458e-04
-6.4323291e-04
-5.5632108e-04
-3.1739308e-04
-1.8900420e-05
2.4356183e-04
4.1471665e-04
4.9426996e-04
5.2040990e-04
5.3665992e-04
5.6167727e-04
5.7666463e-04
5.3540527e-04
3.9128288e-04
1.2752541e-04
-2.2497027e-04
-5.9232376e-04
-8.8435974e-04
-1.0313973e-03
-1.0091384e-03
-8.3890322e-04
-5.7838324e-04
-2.9479015e-04
-3.6877124e-05
1.7950285e-04
3.6702251e-04
5.4866271e-04
7.3701917e-04
9.2208800e-04
1.0721087e-03
1.1450835e-03
1.1044414e-03
9.3102088e-04
6.2614092e-04
2.0753005e-04
-2.9448005e-04
-8.3595692e-04
-1.3574669e-03
-1.7887126e-03
-2.0611491e-03
-2.1245715e-03
-1.9640434e-03
-1.6036381e-03
-1.1047382e-03
-5.5369056e-04
-3.9089694e-05
3.7225762e-04
6.4908238e-04
7.9453170e-04
8.3459811e-04
8.0366717e-04
7.3214905e-04
6.3832796e-04
5.2615283e-04
3.8994862e-04
2.2361482e-04
2.8569526e-05
-1.8407832e-04
-3.9630778e-04
-5.8735581e-04
-7.3265345e-04
-8.1608163e-04
-8.2495631e-04
-7.4990830e-04
-5.9257454e-04
-3.7055907e-04
-1.1596745e-04
1.3203084e-04
3.3702362e-04
4.7368078e-04
5.3184705e-04
5.1456540e-04
4.3050983e-04
2.8530407e-04
7.8056725e-05
-1.9338767e-04
-5.2061023e-04
-8.7298602e-04
-1.1944363e-03
-1.4177980e-03
-1.4909146e-03
-1.3880283e-03
-1.1191889e-03
-7.2763310e-04
-2.7562190e-04
1.7320869e-04
5.6659542e-04
8.6798740e-04
1.0553676e-03
1.1199189e-03
1.0672217e-03
9.1923806e-04
7.1306475e-04
4.9394644e-04
3.0356400e-04
1.6690500e-04
8.1598393e-05
1.4417439e-05
-8.9826137e-05
-2.8461589e-04
-5.9608845e-04
-1.0179310e-03
-1.4767600e-03
-1.8413303e-03
-1.9723463e-03
-1.7844207e-03
-1.2887157e-03
-5.9253650e-04
1.4412831e-04
7.7237420e-04
1.2063573e-03
1.4384442e-03
1.5137995e-03
1.4841495e-03
1.3697808e-03
1.1503265e-03
7.8775994e-04
2.6802800e-04
-3.6368103e-04
-9.9881889e-04
-1.4910215e-03
-1.7263086e-03
-1.6592886e-03
-1.3201413e-03
-8.0262588e-04
-2.3795615e-04
2.3584142e-04
5.0507795e-04
5.1073754e-04
2.7142111e-04
-1.1491998e-04
-5.0176779e-04
-7.5191386e-04
-7.9565285e-04
-6.5487230e-04
-4.1665221e-04
-1.7447287e-04
2.1632163e-05
1.7420477e-04
3.0879830e-04
4.4424670e-04
5.7555081e-04
6.5138967e-04
5.9983278e-04
3.8010423e-04
2.5792204e-05
-3.4896763e-04
-5.9092335e-04
-5.7866740e-04
-2.8474913e-04
2.0464768e-04
7.2065481e-04
1.0759453e-03
1.1339998e-03
8.5795278e-04
3.2311994e-04
-3.0992860e-04
-8.5204947e-04
-1.1526368e-03
-1.1490228e-03
-8.7758163e-04
-4.6363642e-04
-6.2613853e-05
2.0474282e-04
2.9239596e-04
2.3174494e-04
1.0251518e-04
-1.0127653e-05
-5.2548422e-05
-1.9757194e-05
5.1369866e-05
1.0602992e-04
9.9393748e-05
1.6003167e-05
-1.2543312e-04
-2.8079751e-04
-3.9826758e-04
-4.3922724e-04
-3.9440755e-04
-2.8622914e-04
-1.5477788e-04
-4.1303935e-05
3.4601913e-05
8.1242253e-05
1.2339674e-04
1.8312902e-04
2.6424175e-04
3.4731372e-04
3.9555438e-04
3.6804450e-04
2.3608913e-04
-2.1354515e-06
-3.1390293e-04
-6.3535633e-04
-8.8655402e-04
-9.9373059e-04
-9.1143534e-04
-6.3822928e-04
-2.2175446e-04
2.5059570e-04
6.7878301e-04
9.8853743e-04
1.1389093e-03
1.1256647e-03
9.7631500e-04
7.3741827e-04
4.6033783e-04
1.9036868e-04
-4.0244748e-05
-2.1687146e-04
-3.4392098e-04
-4.4058413e-04
-5.3058479e-04
-6.2968304e-04
-7.3614409e-04
-8.2823089e-04
-8.7108031e-04
-8.3227709e-04
-7.0020424e-04
-4.9384409e-04
-2.5795005e-04
-4.1513066e-05
1.1205378e-04
1.7845931e-04
1.6318946e-04
1.0275181e-04
5.4646942e-05
7.5992709e-05
1.9574046e-04
3.9287490e-04
5.9449446e-04
6.9860994e-04
6.1359615e-04
2.9888696e-04
-2.0827261e-04
-7.9104668e-04
-1.2813109e-03
-1.5140917e-03
-1.3918323e-03
-9.2742688e-04
-2.3497784e-04
5.1518140e-04
1.1315083e-03
1.4599062e-03
1.4354606e-03
1.0973991e-03
5.6475313e-04
-1.2340457e-05
-5.0237997e-04
-8.2332967e-04
-9.4705801e-04
-8.8402752e-04
-6.6309848e-04
-3.2027635e-04
9.8787485e-05
5.2948709e-04
8.8551431e-04
1.0726102e-03
1.0188536e-03
7.1244517e-04
2.2043210e-04
-3.3566856e-04
-8.0953714e-04
-1.0837664e-03
-1.1152262e-03
-9.4415213e-04
-6.6448430e-04
-3.7580094e-04
-1.4361326e-04
1.6081056e-05
1.2779996e-04
2.3283931e-04
3.6257339e-04
5.1867539e-04
6.6828744e-04
7.5904853e-04
7.5026746e-04
6.4468956e-04
5.0044029e-04
4.0860452e-04
4.5005577e-04
6.6482099e-04
1.0085979e-03
1.3569299e-03
1.5526249e-03
1.4703076e-03
1.0701393e-03
4.1861820e-04
-3.3302175e-04
-1.0047049e-03
-1.4521512e-03
-1.6099654e-03
-1.4976121e-03
-1.1951291e-03
-8.0698586e-04
-4.2957436e-04
-1.3003452e-04
6.2449546e-05
1.5623383e-04
1.9060428e-04
2.1519015e-04
2.6716988e-04
3.5481898e-04
4.5101352e-04
5.0243034e-04
4.5602864e-04
2.9040322e-04
3.4022877e-05
-2.4146394e-04
-4.5087812e-04
-5.3310984e-04
-4.7729563e-04
-3.2579707e-04
-1.5546973e-04
-4.7304430e-05
-5.6183273e-05
-1.9109249e-04
-4.1262022e-04
-6.4854896e-04
-8.1969083e-04
-8.7004145e-04
-8.0005455e-04
-6.6872545e-04
-5.6866763e-04
-5.7598723e-04
-6.9894245e-04
-8.5515560e-04
-8.9652893e-04
-6.7741499e-04
-1.3379135e-04
6.7200894e-04
1.5685419e-03
2.3434327e-03
2.8237396e-03
2.9300305e-03
2.6856461e-03
2.1864202e-03
1.5523033e-03
8.8567174e-04
2.5992511e-04
-2.6148279e-04
-6.4649420e-04
-8.9164569e-04
-1.0126774e-03
-1.0352409e-03
-9.8433490e-04
-8.7546183e-04
-7.1253731e-04
-4.9620985e-04
-2.4020092e-04
1.5041122e-05
2.0435040e-04
2.6021204e-04
1.4665340e-04
-1.1382560e-04
-4.3713352e-04
-7.0258140e-04
-7.9694879e-04
-6.6110349e-04
-3.1988690e-04
1.3122381e-04
5.6724698e-04
8.6313761e-04
9.3212677e-04
7.5432864e-04
3.8160439e-04
-8.1913717e-05
-5.1516889e-04
-8.1653378e-04
-9.2702907e-04
-8.3536692e-04
-5.7004093e-04
-1.8632046e-04
2.4750748e-04
6.6223708e-04
9.9587547e-04
1.1982809e-03
1.2357141e-03
1.0971984e-03
8.0451896e-04
4.2017019e-04
2.3078160e-05
-3.1422277e-04
-5.4187075e-04
-6.4221527e-04
-6.2971678e-04
-5.4124947e-04
-4.2080566e-04
-3.0536751e-04
-2.1780528e-04
-1.6761349e-04
-1.5473982e-04
-1.7133786e-04
-2.0109708e-04
-2.1978202e-04
-2.0026405e-04
-1.2257734e-04
1.3778576e-05
1.8141554e-04
3.2884138e-04
4.0594817e-04
3.8524582e-04
2.6441795e-04
7.1756977e-05
-1.3606770e-04
-2.8952344e-04
-3.2920837e-04
-2.2539311e-04
1.2949720e-05
3.3998718e-04
6.8325687e-04
9.5922736e-04
1.0904239e-03
1.0212863e-03
7.3195174e-04
2.4858305e-04
-3.5447904e-04
-9.6644305e-04
-1.4657863e-03
-1.7491517e-03
-1.7533268e-03
-1.4856540e-03
-1.0135012e-03
-4.4252087e-04
1.0777932e-04
5.3149616e-04
7.6249940e-04
7.9133573e-04
6.6426679e-04
4.6139517e-04
2.6180718e-04
1.1293617e-04
1.9314946e-05
-4.6881844e-05
-1.2304173e-04
-2.3365513e-04
-3.7700055e-04
-5.2432526e-04
-6.3002722e-04
-6.4996978e-04
-5.6123597e-04
-3.7000003e-04
-1.1214951e-04
1.5673937e-04
3.7614352e-04
4.9560727e-04
4.8721177e-04
3.5364271e-04
1.2987460e-04
-1.2307239e-04
-3.3264383e-04
-4.3574264e-04
-4.0109791e-04
-2.4460677e-04
-2.8313453e-05
1.6136602e-04
2.4891623e-04
2.0115768e-04
3.9507920e-05
-1.6944924e-04
-3.3962125e-04
-4.0215713e-04
-3.2981868e-04
-1.4273754e-04
1.0262606e-04
3.3615828e-04
4.9918068e-04
5.6158298e-04
5.2555893e-04
4.1849039e-04
2.8142510e-04
1.5716469e-04
7.8227001e-05
5.5279580e-05
7.0325960e-05
8.0640301e-05
3.5560525e-05
-9.9403895e-05
-3.2218447e-04
-5.8917489e-04
-8.3299741e-04
-9.8580033e-04
-9.9402418e-04
-8.3515469e-04
-5.2797208e-04
-1.3014638e-04
2.7650652e-04
6.0815095e-04
8.0044178e-04
8.2227214e-04
6.7932918e-04
4.0963540e-04
7.3882361e-05
-2.5871063e-04
-5.2810780e-04
-6.9970560e-04
-7.7094693e-04
-7.6392908e-04
-7.0870381e-04
-6.2963677e-04
-5.3956430e-04
-4.3903552e-04
-3.2192180e-04
-1.8393296e-04
-2.9901601e-05
1.2477567e-04
2.5758985e-04
3.4409903e-04
3.6331713e-04
3.0340541e-04
1.6703737e-04
-2.5432708e-05
-2.3707241e-04
-4.2092380e-04
-5.3096577e-04
-5.3425160e-04
-4.2089455e-04
-2.0926802e-04
5.6091237e-05
3.1351649e-04
4.9948861e-04
5.7623783e-04
5.3638797e-04
4.0057838e-04
2.1084950e-04
1.8307201e-05
-1.3151084e-04
-2.0998315e-04
-2.0943608e-04
-1.4060555e-04
-2.7127699e-05
1.0022079e-04
2.0902645e-04
2.7164555e-04
2.7345217e-04
2.2081759e-04
1.4275130e-04
8.0460677e-05
6.6805729e-05
1.0960802e-04
1.9326283e-04
2.8435570e-04
3.3827165e-04
3.1718538e-04
2.0650992e-04
2.1662927e-05
-1.9696136e-04
-3.9898089e-04
-5.4270815e-04
-6.0892483e-04
-6.0388346e-04
-5.5160966e-04
-4.8081774e-04
-4.1320749e-04
-3.5716078e-04
-3.0714164e-04
-2.4756794e-04
-1.6021724e-04
-3.3881124e-05
1.2516273e-04
2.8997908e-04
4.3431681e-04
5.3403529e-04
5.7344656e-04
5.5376433e-04
4.9375554e-04
4.2103236e-04
3.5890571e-04
3.1617508e-04
2.8465904e-04
2.4528823e-04
1.8037289e-04
8.6278791e-05
-2.1210380e-05
-1.1328903e-04
-1.6317352e-04
-1.6069462e-04
-1.1735649e-04
-5.9026620e-05
-1.1150061e-05
9.3826633e-06
4.5641261e-06
-8.4012193e-06
-1.1325181e-05
4.1468724e-06
3.2094887e-05
5.4874983e-05
4.9048477e-05
-7.6987677e-06
-1.2732602e-04
-2.9905562e-04
-4.7865085e-04
-5.8995429e-04
-5.4816189e-04
-3.0198933e-04
1.2557880e-04
6.2555842e-04
1.0356490e-03
1.2078055e-03
1.0779666e-03
7.0224975e-04
2.4085934e-04
-1.1997747e-04
-2.5638713e-04
-1.5871892e-04
7.6409136e-05
3.0311463e-04
3.9582216e-04
2.9603858e-04
2.1910783e-05
-3.5171539e-04
-7.2530513e-04
-1.0045674e-03
-1.1216080e-03
-1.0457729e-03
-7.8547916e-04
-3.8321090e-04
9.4952206e-05
5.7384492e-04
9.7862898e-04
1.2350698e-03
1.3087273e-03
1.2075856e-03
9.6640904e-04
6.2907508e-04
2.3687861e-04
-1.7259143e-04
-5.6015273e-04
-8.8078897e-04
-1.0854182e-03
-1.1299739e-03
-9.8948606e-04
-6.7120963e-04
-2.1965285e-04
2.9036659e-04
7.7053166e-04
1.1392758e-03
1.3387792e-03
1.3447179e-03
1.1706057e-03
8.6537080e-04
4.9437614e-04
1.1894220e-04
-2.1744457e-04
-4.9155449e-04
-6.9314449e-04
-8.1434302e-04
-8.4477454e-04
-7.7611341e-04
-6.1066440e-04
-3.6588274e-04
-7.1962289e-05
2.3505427e-04
5.2097609e-04
7.5887701e-04
9.3013974e-04
1.0213442e-03
1.0199224e-03
9.1305043e-04
6.9603069e-04
3.8697762e-04
1.2839066e-05
-3.8243724e-04
-7.4156477e-04
-1.0063459e-03
-1.1305103e-03
-1.0901339e-03
-8.9078614e-04
-5.7046750e-04
-1.9586679e-04
1.5086900e-04
3.9404030e-04
4.8861766e-04
4.3803599e-04
2.9795445e-04
1.6098971e-04
1.2257636e-04
2.3681768e-04
4.8127759e-04
7.5621566e-04
9.3127933e-04
8.9617119e-04
6.1978875e-04
1.6875199e-04
-3.2146934e-04
-7.0251279e-04
-8.6825833e-04
-7.8641233e-04
-4.9800855e-04
-9.1652808e-05
3.3197124e-04
6.9059387e-04
9.3714782e-04
1.0603939e-03
1.0727011e-03
9.9325744e-04
8.3575329e-04
6.0515386e-04
3.0292630e-04
-5.8603170e-05
-4.4118345e-04
-8.0168570e-04
-1.0878231e-03
-1.2450017e-03
-1.2335200e-03
-1.0448087e-03
-7.0853199e-04
-2.8613971e-04
1.4711761e-04
5.2466145e-04
8.0659222e-04
9.8560483e-04
1.0779706e-03
1.1035525e-03
1.0648703e-03
9.3778787e-04
6.8233394e-04
2.7113834e-04
-2.7881118e-04
-8.9056782e-04
-1.4392633e-03
-1.8025273e-03
-1.8868870e-03
-1.6586386e-03
-1.1647735e-03
-5.2305203e-04
1.1767883e-04
6.2965598e-04
9.4720332e-04
1.0782926e-03
1.0826966e-03
1.0296206e-03
9.5710593e-04
8.5247383e-04
6.6200774e-04
3.2513792e-04
-1.8250223e-04
-8.1763277e-04
-1.4662902e-03
-1.9736395e-03
-2.1915951e-03
-2.0500249e-03
-1.5822454e-03
-9.0606444e-04
-1.8225091e-04
4.3562067e-04
8.4304103e-04
1.0063253e-03
9.5996740e-04
7.8377996e-04
5.7009269e-04
3.9224877e-04
2.8241038e-04
2.2276031e-04
1.5253857e-04
-7.5996427e-06
-3.1803543e-04
-7.8338720e-04
-1.3350004e-03
-1.8441174e-03
-2.1614719e-03
-2.1785207e-03
-1.8673444e-03
-1.2870394e-03
-5.6070793e-04
1.6545945e-04
7.6534961e-04
1.1633176e-03
1.3426932e-03
1.3330169e-03
1.1847458e-03
9.4350014e-04
6.3521570e-04
2.6866592e-04
-1.4766806e-04
-5.8671097e-04
-9.9613952e-04
-1.3107451e-03
-1.4778468e-03
-1.4781275e-03
-1.3245398e-03
-1.0629203e-03
-7.5403178e-04
-4.5199761e-04
-1.9127497e-04
1.6309845e-05
1.7559343e-04
2.9633726e-04
3.8057589e-04
4.1510851e-04
3.7422723e-04
2.3348499e-04
-1.0515694e-05
-3.2389389e-04
-6.3356124e-04
-8.4578732e-04
-8.8109051e-04
-7.1066937e-04
-3.7597552e-04
2.2742029e-05
3.7333893e-04
5.9077328e-04
6.3926634e-04
5.4142881e-04
3.6579430e-04
1.9761196e-04
1.0681543e-04
1.2669645e-04
2.4796144e-04
4.2443029e-04
5.8533826e-04
6.5199391e-04
5.5831145e-04
2.7296951e-04
-1.8344695e-04
-7.3525980e-04
-1.2679340e-03
-1.6613885e-03
-1.8296620e-03
-1.7467473e-03
-1.4428280e-03
-1.0000510e-03
-5.3366275e-04
-1.5534944e-04
6.4118419e-05
1.1810963e-04
6.2226292e-05
-1.4237672e-05
-3.1748301e-05
4.1622498e-05
1.7662883e-04
2.9976108e-04
3.3100392e-04
2.2317163e-04
-1.5198355e-05
-3.2153815e-04
-6.0205569e-04
-7.6480062e-04
-7.4988315e-04
-5.4513226e-04
-1.7896140e-04
2.9536800e-04
8.1977320e-04
1.3433168e-03
1.8157610e-03
2.1722755e-03
2.3261898e-03
2.1827764e-03
1.6744953e-03
8.0505858e-04
-3.1876079e-04
-1.4901066e-03
-2.4517554e-03
-2.9805147e-03
-2.9694052e-03
-2.4662329e-03
-1.6501796e-03
-7.6034294e-04
-9.2254535e-06
4.8016779e-04
6.7247522e-04
6.0814387e-04
3.9157037e-04
1.4539128e-04
-3.7900359e-05
-1.2077265e-04
-1.1658369e-04
-6.6437897e-05
-1.2079995e-05
2.3808083e-05
4.3944214e-05
6.7727891e-05
1.1145817e-04
1.6869526e-04
2.0447582e-04
1.6908686e-04
2.3452046e-05
-2.3895598e-04
-5.8379401e-04
-9.3657901e-04
-1.1934890e-03
-1.2732502e-03
-1.1245030e-03
-7.3786278e-04
-1.6162479e-04
4.9653011e-04
1.0902000e-03
1.4747360e-03
1.5549972e-03
1.3221277e-03
8.6181532e-04
3.2632140e-04
-1.2082829e-04
-3.6479389e-04
-3.7781590e-04
-2.1850672e-04
5.9921114e-06
1.9264686e-04
2.8162020e-04
2.6281220e-04
1.4954808e-04
-2.4482822e-05
-2.0844565e-04
-3.4435220e-04
-3.8389510e-04
-3.1148077e-04
-1.5945891e-04
1.2148431e-06
9.4755805e-05
7.9689706e-05
-2.9238712e-05
-1.6855520e-04
-2.5900709e-04
-2.4595483e-04
-1.2532887e-04
5.7319933e-05
2.3117629e-04
3.3293377e-04
3.3209235e-04
2.3779071e-04
8.8311512e-05
-6.7550017e-05
-1.9064107e-04
-2.6266526e-04
-2.8506199e-04
-2.6727905e-04
-2.1572336e-04
-1.3305464e-04
-2.6850273e-05
8.2464853e-05
1.6361054e-04
1.8661938e-04
1.3700821e-04
2.2584434e-05
-1.3019206e-04
-2.8612752e-04
-4.1160927e-04
-4.8201161e-04
-4.8537831e-04
-4.2427262e-04
-3.1564099e-04
-1.8154365e-04
-4.7014693e-05
6.1940655e-05
1.2449439e-04
1.3197643e-04
9.2549430e-05
3.0492188e-05
-1.9935782e-05
-2.3258854e-05
4.7607666e-05
2.0085062e-04
4.1660674e-04
6.4547102e-04
8.2016668e-04
8.7846384e-04
7.8655852e-04
5.5001078e-04
2.0780418e-04
-1.7788981e-04
-5.2866617e-04
-7.8258301e-04
-8.9982130e-04
-8.6659194e-04
-6.9818219e-04
-4.3903152e-04
-1.5520062e-04
8.2573259e-05
2.2113509e-04
2.4393113e-04
1.7821228e-04
8.5667003e-05
3.8105016e-05
8.7281576e-05
2.4259401e-04
4.6794253e-04
6.9989910e-04
8.7850906e-04
9.7501481e-04
9.9759978e-04
9.7507913e-04
9.4281450e-04
9.1026434e-04
8.4608915e-04
6.8898851e-04
3.7806120e-04
-1.1239315e-04
-7.4927164e-04
-1.4368891e-03
-2.0343212e-03
-2.3904538e-03
-2.3886768e-03
-1.9878646e-03
-1.2443751e-03
-3.0459857e-04
6.3237695e-04
1.3714139e-03
1.7788963e-03
1.8215358e-03
1.5727015e-03
1.1805565e-03
8.0495788e-04
5.5845979e-04
4.7448963e-04
5.1148933e-04
5.8601211e-04
6.1494029e-04
5.4653510e-04
3.7080160e-04
1.1290782e-04
-1.8035102e-04
-4.5387579e-04
-6.5597468e-04
-7.4912845e-04
-7.1885170e-04
-5.7826757e-04
-3.6599583e-04
-1.3583631e-04
6.0255063e-05
1.8849551e-04
2.3098839e-04
1.9453091e-04
1.1400282e-04
3.7439506e-05
8.2154736e-06
5.1586733e-05
1.6734737e-04
3.2842013e-04
4.8615451e-04
5.8313960e-04
5.7116782e-04
4.2812277e-04
1.6709965e-04
-1.6531764e-04
-5.0014340e-04
-7.6254661e-04
-8.8989198e-04
-8.4769243e-04
-6.3968748e-04
-3.0925025e-04
6.9204782e-05
4.2525669e-04
7.0762075e-04
8.8883307e-04
9.6308062e-04
9.3845183e-04
8.2794913e-04
6.4368893e-04
3.9730399e-04
1.0516098e-04
-2.0684068e-04
-5.0353797e-04
-7.4624742e-04
-9.0046382e-04
-9.4205623e-04
-8.6172778e-04
-6.6874164e-04
-3.9243921e-04
-7.8385733e-05
2.2047093e-04
4.5053217e-04
5.8039159e-04
6.0828032e-04
5.5484343e-04
4.4996313e-04
3.2105361e-04
1.8627953e-04
5.3399869e-05
-7.6105790e-05
-2.0012904e-04
-3.1074675e-04
-3.9403895e-04
-4.3442279e-04
-4.2045802e-04
-3.5000263e-04
-2.3467936e-04
-1.0254214e-04
5.4594408e-06
4.8692474e-05
5.7722649e-06
-1.1683314e-04
-2.8999359e-04
-4.5485728e-04
-5.4042680e-04
-4.9364799e-04
-3.0332308e-04
-7.6024461e-06
3.1773865e-04
5.8548043e-04
7.2645980e-04
7.0957131e-04
5.4550487e-04
2.7735490e-04
-3.3365118e-05
-3.1917398e-04
-5.1692426e-04
-5.7816572e-04
-4.8060082e-04
-2.3816198e-04
9.6035301e-05
4.4497196e-04
7.4131938e-04
9.3050175e-04
9.8205899e-04
8.9849260e-04
7.1225983e-04
4.7265335e-04
2.3045844e-04
2.6553958e-05
-1.1456592e-04
-1.8728601e-04
-2.0384214e-04
-1.9058765e-04
-1.8270535e-04
-2.1747613e-04
-3.2502864e-04
-5.1631006e-04
-7.7156503e-04
-1.0364111e-03
-1.2331880e-03
-1.2946539e-03
-1.1917021e-03
-9.2699929e-04
-5.2968782e-04
-5.6675484e-05
4.0760677e-04
7.6194813e-04
9.1419861e-04
8.1707965e-04
4.9807465e-04
6.2192576e-05
-3.4364876e-04
-5.9090621e-04
-6.2105053e-04
-4.6124502e-04
-2.0216397e-04
4.3682649e-05
1.8263764e-04
1.6689919e-04
2.6817004e-06
-2.6038474e-04
-5.5809894e-04
-8.2806903e-04
-1.0201578e-03
-1.1002681e-03
-1.0502956e-03
-8.6681375e-04
-5.6051252e-04
-1.5684848e-04
3.0390364e-04
7.6891890e-04
1.1783265e-03
1.4748486e-03
1.6162304e-03
1.5850180e-03
1.3900611e-03
1.0596339e-03
6.3153573e-04
1.4575443e-04
-3.5502642e-04
-8.1454140e-04
-1.1888210e-03
-1.4438608e-03
-1.5535564e-03
-1.5038992e-03
-1.2988694e-03
-9.6522390e-04
-5.5131448e-04
-1.1730680e-04
2.7933884e-04
5.9552977e-04
8.0689896e-04
9.0602285e-04
8.9830126e-04
7.9863561e-04
6.2999924e-04
4.2281949e-04
2.1283219e-04
3.5397524e-05
-8.6711827e-05
-1.5063619e-04
-1.7055468e-04
-1.7667009e-04
-2.0373900e-04
-2.7471809e-04
-3.8858546e-04
-5.1814905e-04
-6.1895712e-04
-6.4578471e-04
-5.7005361e-04
-3.9124678e-04
-1.3817122e-04
1.3986057e-04
3.8851208e-04
5.6531188e-04
6.5193940e-04
6.5699304e-04
6.0830388e-04
5.3893391e-04
4.7579780e-04
4.3673311e-04
4.1627345e-04
3.9473717e-04
3.5028631e-04
2.6724227e-04
1.3860211e-04
-3.4962063e-05
-2.4607646e-04
-4.7936863e-04
-7.0828271e-04
-8.9358965e-04
-9.8800977e-04
-9.4771440e-04
-7.4636183e-04
-3.8580553e-04
9.9571532e-05
6.4528511e-04
1.1668225e-03
1.5781925e-03
1.8135250e-03
1.8380503e-03
1.6559076e-03
1.3203154e-03
9.1574996e-04
5.2234263e-04
1.8356027e-04
-1.0536054e-04
-3.8111607e-04
-6.7689451e-04
-9.8884345e-04
-1.2650854e-03
-1.4241247e-03
-1.3919989e-03
-1.1377465e-03
-6.8947145e-04
-1.2540772e-04
4.5267698e-04
9.5060257e-04
1.3059858e-03
1.4983933e-03
1.5385628e-03
1.4592822e-03
1.3040111e-03
1.1139616e-03
9.1749914e-04
7.2495208e-04
5.3241198e-04
3.3303472e-04
1.2910286e-04
-6.2488971e-05
-2.1477127e-04
-3.0285283e-04
-3.1677867e-04
-2.6767289e-04
-1.8368239e-04
-9.8096449e-05
-3.6025410e-05
-6.0790200e-06
-0.0000000e+00
