2.1063638e-01
2.0756769e-01
2.0698379e-01
2.1024154e-01
2.1435457e-01
2.1418351e-01
2.1364462e-01
2.1230063e-01
2.1528316e-01
2.1613199e-01
2.1385169e-01
2.1807790e-01
2.1287809e-01
2.1440473e-01
2.1394044e-01
2.1879427e-01
2.1389543e-01
2.1128973e-01
2.1865922e-01
2.1619888e-01
2.1673776e-01
2.1738596e-01
2.1306072e-01
2.1378224e-01
2.1493590e-01
2.1108139e-01
2.0909689e-01
2.1136175e-01
2.1909523e-01
2.1797886e-01
2.2153886e-01
2.1627347e-01
2.1668889e-01
2.1720076e-01
2.1869910e-01
2.1833640e-01
2.1309288e-01
2.1243438e-01
2.1218359e-01
2.0531440e-01
1.9832689e-01
1.9674109e-01
1.9729927e-01
1.9745488e-01
1.9694558e-01
1.8859091e-01
1.9145125e-01
1.9476946e-01
2.1349801e-01
2.2551298e-01
2.2417156e-01
2.2254461e-01
2.1473140e-01
2.0462632e-01
1.9694687e-01
1.8295383e-01
1.7641388e-01
1.6526833e-01
1.6568889e-01
1.5907177e-01
1.5856633e-01
1.6013798e-01
1.7452328e-01
1.7745179e-01
1.8084201e-01
1.7399983e-01
1.7444354e-01
1.6923216e-01
1.6488250e-01
1.6040935e-01
1.4809600e-01
1.3637811e-01
1.2556823e-01
1.1555189e-01
1.0539150e-01
-1.5014993e-01
-1.5782295e-01
-1.5533429e-01
-1.5635163e-01
-1.5692653e-01
-1.5401731e-01
-1.4734103e-01
-1.4778604e-01
-1.3372482e-01
-1.2302556e-01
-1.2092660e-01
-1.2090860e-01
-1.1627854e-01
-1.2439657e-01
-1.3178021e-01
-1.3547397e-01
-1.4748122e-01
-1.4471605e-01
-1.5055634e-01
-1.5628989e-01
-1.6739172e-01
-1.6466641e-01
-1.7007715e-01
-1.7310725e-01
-1.7310855e-01
5.7780445e-02
5.7253134e-02
5.4449379e-02
5.7986226e-02
5.7339303e-02
6.3003398e-02
6.6798754e-02
6.7160152e-02
6.4680502e-02
6.6330604e-02
6.7744054e-02
7.0456490e-02
7.7481307e-02
7.6953992e-02
7.3705241e-02
7.9061955e-02
7.5588129e-02
7.8255549e-02
6.8414122e-02
8.2242541e-02
8.1838697e-02
7.9214998e-02
8.0380231e-02
8.1659921e-02
8.1497870e-02
-1.6031545e-01
-1.5406618e-01
-1.5691623e-01
-1.5670016e-01
-1.5807374e-01
-1.5807632e-01
-1.6260605e-01
-1.5577286e-01
-1.5506421e-01
-1.5550664e-01
-1.5756445e-01
-1.4939369e-01
-1.5517482e-01
-1.5505263e-01
-1.6230124e-01
-1.5448675e-01
-1.5053062e-01
-1.5918238e-01
-1.5851231e-01
-1.5327907e-01
-1.5737796e-01
-1.5618958e-01
-1.5935859e-01
-1.6690171e-01
-1.5861006e-01
-1.7179027e-01
-1.7731804e-01
-1.8198796e-01
-1.8199824e-01
-1.8642893e-01
-1.9124418e-01
-1.9186924e-01
-1.8845202e-01
-1.9420357e-01
-1.9340231e-01
-1.9131878e-01
-1.9222036e-01
-1.9221136e-01
-1.9251488e-01
-1.8155453e-01
-1.8376923e-01
-1.8799543e-01
-1.8911694e-01
-1.7792894e-01
-1.8045104e-01
-1.8293582e-01
-1.8392099e-01
-1.8130758e-01
-1.8145549e-01
-1.8103750e-01
-1.6661747e-01
-1.6960257e-01
-1.6458926e-01
-1.6254689e-01
-1.6029488e-01
-1.6455068e-01
-1.6587667e-01
-1.6414425e-01
-1.6232568e-01
-1.5830010e-01
-1.6008911e-01
-1.5863578e-01
-1.6094309e-01
-1.6377643e-01
-1.6496351e-01
-1.5542561e-01
-1.5706156e-01
-1.6224337e-01
-1.6177264e-01
-1.5708600e-01
-1.6363752e-01
-1.6052124e-01
-1.5917338e-01
-1.6477960e-01
-1.5667187e-01
-1.7131697e-01
-1.7234330e-01
-1.6810937e-01
-1.7487697e-01
-1.7430335e-01
-1.7147903e-01
-1.6981736e-01
-1.7853856e-01
-1.7833664e-01
-1.8025169e-01
-1.8239179e-01
-1.8340269e-01
-1.8423223e-01
-1.8782438e-01
-1.9190784e-01
-1.8413450e-01
-1.9730699e-01
-1.9316952e-01
-1.9022943e-01
-1.8605468e-01
-1.8740769e-01
-1.8050119e-01
-1.7675214e-01
-1.7958933e-01
-1.8460265e-01
7.9681866e-02
7.5961106e-02
7.3954754e-02
7.9503089e-02
7.8533351e-02
8.0556430e-02
7.7537894e-02
7.7482589e-02
7.9496659e-02
8.2429029e-02
8.2989775e-02
8.1171200e-02
7.7563614e-02
8.6803138e-02
8.4012248e-02
8.7855190e-02
8.2733840e-02
8.0838092e-02
8.3676569e-02
8.9169607e-02
8.9317508e-02
8.3607115e-02
8.1595615e-02
8.6277112e-02
8.5388400e-02
-1.7068677e-01
-1.6583808e-01
-1.6456740e-01
-1.7093113e-01
-1.6785987e-01
-1.6345875e-01
-1.6639112e-01
-1.7084368e-01
-1.6342273e-01
-1.6510499e-01
-1.6629595e-01
-1.6975304e-01
-1.7189959e-01
-1.7623897e-01
-1.7906587e-01
-1.7868903e-01
-1.7665182e-01
-1.7809743e-01
-1.8903334e-01
-1.8386570e-01
-1.8302971e-01
-1.8521741e-01
-1.8644051e-01
-1.9241843e-01
-1.8791442e-01
5.7417758e-02
6.0519889e-02
5.5621039e-02
6.1506350e-02
6.5068915e-02
7.2092444e-02
6.8063013e-02
6.8937577e-02
7.0172258e-02
7.3219083e-02
6.8652056e-02
7.4422903e-02
7.8770004e-02
8.2427740e-02
8.0786645e-02
7.5382352e-02
7.2240345e-02
8.1060588e-02
8.6197376e-02
8.5636623e-02
9.0884015e-02
8.6181939e-02
8.3223850e-02
8.9404970e-02
8.7778017e-02
-1.7233944e-01
-1.7576440e-01
-1.6933891e-01
-1.6832930e-01
-1.7808843e-01
-1.7897971e-01
-1.8100406e-01
-1.7576182e-01
-1.7382234e-01
-1.7879708e-01
-1.7970894e-01
-1.7891154e-01
-1.7483710e-01
-1.7847426e-01
-1.7662352e-01
-1.7750709e-01
-1.7703508e-01
-1.7921121e-01
-1.8401745e-01
-1.7337349e-01
-1.8432485e-01
-1.7983884e-01
-1.8294226e-01
-1.7770387e-01
-1.8799029e-01
-1.7953146e-01
-1.8998379e-01
-1.8481357e-01
-1.8379882e-01
-1.8290368e-01
-1.8702956e-01
-1.9057541e-01
-1.8704757e-01
-1.7824918e-01
-1.8515439e-01
-1.9141911e-01
-1.7853984e-01
-1.7783248e-01
-1.7227642e-01
-1.7644475e-01
-1.7797267e-01
-1.6743416e-01
-1.6525933e-01
-1.7298380e-01
-1.6722323e-01
-1.7002441e-01
-1.6726568e-01
-1.6774026e-01
-1.6796148e-01
-1.6914085e-01
-1.6324140e-01
-1.6311793e-01
-1.6709077e-01
-1.6734542e-01
-1.6953954e-01
-1.6070130e-01
-1.5898818e-01
-1.6508313e-01
-1.6444135e-01
-1.6198356e-01
-1.7157805e-01
-1.6719751e-01
-1.6129807e-01
-1.6321181e-01
-1.6421756e-01
-1.5953864e-01
-1.6378285e-01
-1.7101344e-01
-1.6671136e-01
-1.7098001e-01
-1.6726568e-01
-1.6160415e-01
-1.6234754e-01
-1.5733165e-01
-1.6759621e-01
-1.8223232e-01
-1.7054273e-01
-1.8069024e-01
-1.8296926e-01
-1.7907488e-01
-1.8293068e-01
-1.8172430e-01
-1.8744883e-01
-1.8853176e-01
-1.9429874e-01
-1.9544725e-01
-1.9243000e-01
-1.9208531e-01
-1.9597714e-01
-2.0000270e-01
-1.9459455e-01
-1.9367883e-01
-1.9212647e-01
-1.9652244e-01
-1.8836841e-01
-1.7938869e-01
-1.8782310e-01
-1.8791570e-01
-1.8305929e-01
-1.8465409e-01
8.3423205e-02
8.5673921e-02
8.7707281e-02
8.8704027e-02
8.1423275e-02
9.0399146e-02
8.9892410e-02
8.9474417e-02
8.4594861e-02
8.6022459e-02
9.0067320e-02
9.3803518e-02
9.3530856e-02
8.9320086e-02
9.3251765e-02
1.0049908e-01
9.5321141e-02
9.0675659e-02
8.9503996e-02
9.1233835e-02
9.6542962e-02
9.1857605e-02
9.2184283e-02
9.0752825e-02
9.1320008e-02
9.4382271e-02
8.9239061e-02
8.9240342e-02
8.8012092e-02
8.7892488e-02
9.1379173e-02
9.1718704e-02
9.0039030e-02
9.0640932e-02
8.5232779e-02
8.6022459e-02
8.8211447e-02
7.9106964e-02
7.2843537e-02
7.5971395e-02
7.9356477e-02
7.2927140e-02
7.3637076e-02
6.6908069e-02
6.1878037e-02
6.5899752e-02
6.9795422e-02
6.3198887e-02
6.8240501e-02
6.7360789e-02
7.5172707e-02
7.4727714e-02
7.1673162e-02
7.7081323e-02
7.8325003e-02
7.9108253e-02
7.4325152e-02
8.1394985e-02
8.1344821e-02
8.4152438e-02
8.4214166e-02
8.5677780e-02
8.4714472e-02
8.3713867e-02
8.9236483e-02
9.1960497e-02
9.2889078e-02
8.5778095e-02
9.1424182e-02
9.5377728e-02
9.3709625e-02
8.7803744e-02
9.3475550e-02
9.0804271e-02
9.3362376e-02
-1.4861944e-01
-1.5740496e-01
-1.5488286e-01
-1.6253659e-01
-1.5573171e-01
-1.5413821e-01
-1.5585004e-01
-1.5690337e-01
-1.5769176e-01
-1.6166332e-01
-1.5521084e-01
-1.6301632e-01
-1.6432689e-01
-1.6495965e-01
-1.6203500e-01
-1.6386774e-01
-1.6514744e-01
-1.6333786e-01
-1.6020100e-01
-1.6456482e-01
-1.6337644e-01
-1.6731326e-01
-1.7058003e-01
-1.6472301e-01
-1.8061309e-01
6.4058021e-02
6.7286193e-02
6.3288920e-02
6.6288158e-02
6.3218184e-02
6.7019962e-02
6.5924190e-02
6.5447032e-02
7.2318800e-02
7.0102803e-02
7.3980473e-02
7.5132839e-02
7.6255627e-02
7.7220224e-02
7.5428650e-02
7.8013763e-02
7.6789372e-02
8.3015501e-02
8.7306015e-02
8.2888171e-02
7.9360336e-02
8.3313882e-02
8.4917679e-02
9.1987506e-02
8.8791490e-02
-1.5656383e-01
-1.5699597e-01
-1.6046722e-01
-1.5950263e-01
-1.5578702e-01
-1.5653811e-01
-1.6007367e-01
-1.5530857e-01
-1.5002646e-01
-1.5729950e-01
-1.5223859e-01
-1.5086244e-01
-1.5223087e-01
-1.5598379e-01
-1.6127749e-01
-1.5617672e-01
-1.5581146e-01
-1.5625645e-01
-1.5534459e-01
-1.5735994e-01
-1.5793613e-01
-1.5744226e-01
-1.5893158e-01
-1.5764418e-01
-1.5713102e-01
-1.6765666e-01
-1.6686183e-01
-1.6952540e-01
-1.7313169e-01
-1.7505574e-01
-1.7646019e-01
-1.8554795e-01
-1.8751442e-01
-1.7990313e-01
-1.8415250e-01
-1.8831697e-01
-1.8908478e-01
-1.8510938e-01
-1.8475954e-01
-1.8431583e-01
-1.8436857e-01
-1.8485215e-01
-1.7397025e-01
-1.7198446e-01
-1.7576826e-01
-1.7787234e-01
-1.7323072e-01
-1.7058773e-01
-1.7357926e-01
-1.6489922e-01
8.4332488e-02
8.7990232e-02
8.1621341e-02
8.5743368e-02
8.1469581e-02
9.3247905e-02
9.1932200e-02
8.9774087e-02
8.9311078e-02
9.0836428e-02
9.2077538e-02
9.4378412e-02
8.6275823e-02
8.9122020e-02
8.7988943e-02
8.7351024e-02
9.0213940e-02
8.8635862e-02
8.6041749e-02
9.3709625e-02
9.6553251e-02
9.0189502e-02
8.8894375e-02
8.4672026e-02
8.5739516e-02
-1.7096457e-01
-1.7588785e-01
-1.6671394e-01
-1.6932991e-01
-1.7339921e-01
-1.7064305e-01
-1.7247191e-01
-1.7505960e-01
-1.6979806e-01
-1.7173882e-01
-1.7456701e-01
-1.7212079e-01
-1.7963691e-01
-1.7692062e-01
-1.8042146e-01
-1.8680063e-01
-1.7324488e-01
-1.7700808e-01
-1.8771121e-01
-1.9289815e-01
-1.8976386e-01
-1.8404061e-01
-1.8264773e-01
-1.8229276e-01
-1.7938869e-01
7.3875010e-02
8.4804498e-02
7.5631857e-02
7.9037517e-02
8.2308128e-02
8.3362751e-02
8.3329313e-02
8.7770306e-02
8.8197298e-02
9.2150845e-02
8.8037819e-02
8.9646757e-02
9.0607494e-02
9.3335368e-02
9.5686398e-02
9.0235807e-02
9.7499840e-02
9.2770755e-02
9.7799502e-02
1.0017626e-01
9.5018901e-02
9.2810623e-02
9.7827800e-02
9.6827194e-02
1.0028172e-01
-1.4533339e-01
-1.4216824e-01
-1.3970532e-01
-1.4265439e-01
-1.4441124e-01
-1.4981425e-01
-1.4948887e-01
-1.5113124e-01
-1.4610893e-01
-1.5169328e-01
-1.5254727e-01
-1.5047146e-01
-1.4887795e-01
-1.5291125e-01
-1.5640822e-01
-1.6007625e-01
-1.5962096e-01
-1.5794899e-01
-1.5705128e-01
-1.5999135e-01
-1.6077846e-01
-1.5889814e-01
-1.5866666e-01
-1.6198356e-01
-1.6134179e-01
8.0677323e-02
7.7958457e-02
7.7576481e-02
8.2274690e-02
8.0916546e-02
8.2925469e-02
8.4570423e-02
9.3834385e-02
9.7290203e-02
8.9759938e-02
9.4675511e-02
9.6542962e-02
9.9804573e-02
1.0240383e-01
9.8200776e-02
1.0240383e-01
1.0953282e-01
1.0603327e-01
1.0762550e-01
1.1016431e-01
1.1003955e-01
1.1022604e-01
1.1502714e-01
1.1307995e-01
1.1919677e-01
-1.2632576e-01
-1.2318118e-01
-1.2166870e-01
-1.3086835e-01
-1.1852927e-01
-1.1671712e-01
-1.1352109e-01
-1.0571689e-01
-1.0358964e-01
-1.0218005e-01
-9.7700477e-02
-9.4459437e-02
-8.6031459e-02
-8.9419112e-02
-8.3541527e-02
-8.4341496e-02
-7.8688979e-02
-7.7775829e-02
-6.4103037e-02
-5.7516787e-02
-6.0026020e-02
-6.0245946e-02
-6.0685799e-02
-5.7482064e-02
-6.0055599e-02
-4.5798905e-02
-4.5800190e-02
-3.9859582e-02
-3.7836507e-02
-4.0511645e-02
-4.5114689e-02
-3.6277723e-02
-3.8386967e-02
-4.4425324e-02
-3.7962548e-02
-3.0250942e-02
-2.7066497e-02
-1.9070659e-02
-1.7726658e-02
-8.1771817e-03
2.0736191e-02
3.7625581e-02
4.1703884e-02
5.4842934e-02
7.5122550e-02
9.0965040e-02
9.9982060e-02
1.0617732e-01
1.1626054e-01
1.2069639e-01
3.1865028e-01
3.2517737e-01
3.2531756e-01
3.2395557e-01
3.2836825e-01
3.3240283e-01
3.2960165e-01
3.2469121e-01
3.2597992e-01
3.3447993e-01
3.3158228e-01
3.3153212e-01
3.3139193e-01
3.3003122e-01
3.2580242e-01
3.2922739e-01
3.2356715e-01
3.1864899e-01
3.1483951e-01
3.1646901e-01
3.1471732e-01
3.2296780e-01
3.2016277e-01
3.1381702e-01
3.1595200e-01
3.1128338e-01
3.0899921e-01
3.0881658e-01
3.0965900e-01
3.0970144e-01
3.0354476e-01
2.9670128e-01
2.9406729e-01
2.9294193e-01
2.9250979e-01
2.9643506e-01
2.9650965e-01
2.9028222e-01
2.8321755e-01
2.8489208e-01
2.8378344e-01
2.8240600e-01
2.7903250e-01
2.8126392e-01
2.8525862e-01
2.9107192e-01
2.9461777e-01
2.9151434e-01
2.8798649e-01
2.9122624e-01
9.5685117e-02
9.9594936e-02
1.0006180e-01
1.0816310e-01
1.0970388e-01
1.0467899e-01
9.8917149e-02
1.0417225e-01
1.0182250e-01
1.0549439e-01
1.0950839e-01
1.0899393e-01
1.1066847e-01
1.0066242e-01
1.0267135e-01
1.0660817e-01
1.1746178e-01
1.1912088e-01
1.0965372e-01
9.9701680e-02
1.0302632e-01
1.0139036e-01
1.1329345e-01
1.2275547e-01
1.1662194e-01
1.0180449e-01
9.7342931e-02
1.0660046e-01
1.1214108e-01
1.1536282e-01
9.7350650e-02
8.9600459e-02
9.7745486e-02
1.0415810e-01
1.1362784e-01
1.0114601e-01
9.2991970e-02
8.2955055e-02
9.0195931e-02
1.0083348e-01
9.9612944e-02
9.5060058e-02
7.8798294e-02
8.0760926e-02
8.3658561e-02
9.0123914e-02
8.6548485e-02
8.6179368e-02
7.6502562e-02
7.8159094e-02
2.7610272e-01
2.7997395e-01
2.8454870e-01
2.8763926e-01
2.8740260e-01
2.8929576e-01
2.9355541e-01
2.9247895e-01
2.9886198e-01
2.9520294e-01
2.9567495e-01
2.9617396e-01
3.0483344e-01
3.0314735e-01
3.0563986e-01
3.0306759e-01
2.9805300e-01
3.0470484e-01
3.0325022e-01
3.0436915e-01
3.0412993e-01
3.0784169e-01
3.0556267e-01
3.0283225e-01
3.0502123e-01
3.0328754e-01
3.0700442e-01
3.0478328e-01
3.0149338e-01
3.0651313e-01
3.0516270e-01
3.0958310e-01
3.0584821e-01
3.1001267e-01
3.0693242e-01
3.0847317e-01
3.0783397e-01
3.0806291e-01
3.0769894e-01
3.0752146e-01
3.0274221e-01
3.0551124e-01
3.0361807e-01
3.0310491e-01
3.0378911e-01
2.9835394e-01
2.9720417e-01
2.9757586e-01
2.9639003e-01
2.9538429e-01
8.8720746e-02
8.5060440e-02
7.8088358e-02
7.4861467e-02
8.4445670e-02
8.0668323e-02
8.0052271e-02
7.9225287e-02
7.8880608e-02
8.1541598e-02
7.9991817e-02
8.2764708e-02
9.2203572e-02
9.0624213e-02
9.0315543e-02
8.6179368e-02
8.6163931e-02
8.9963146e-02
9.3370087e-02
9.9992350e-02
8.6657807e-02
9.5798291e-02
9.9317133e-02
9.9196233e-02
1.0260189e-01
3.0629450e-01
3.0980048e-01
3.1134766e-01
3.0923200e-01
3.1255150e-01
3.0828926e-01
3.1402925e-01
3.1334245e-01
3.1227112e-01
3.1098112e-01
3.1570122e-01
3.1119847e-01
3.1255019e-01
3.1210133e-01
3.1636614e-01
3.1293988e-01
3.1268010e-01
3.1907728e-01
3.1305695e-01
3.1426460e-01
3.1654105e-01
3.1756222e-01
3.1565234e-01
3.1262094e-01
3.1092197e-01
3.1606132e-01
3.0890274e-01
3.0756131e-01
3.0663788e-01
3.0599996e-01
3.0812979e-01
3.0148694e-01
3.0227536e-01
3.0379039e-01
2.9839769e-01
2.9959249e-01
2.9942015e-01
2.9968125e-01
2.9345897e-01
2.9007003e-01
2.9272458e-01
2.9446086e-01
2.9571867e-01
2.9503575e-01
2.9699066e-01
3.0218661e-01
3.0524501e-01
3.0105868e-01
3.0847189e-01
3.0346888e-01
3.0982104e-01
3.0562055e-01
3.0662373e-01
3.0847061e-01
3.1640473e-01
3.1130138e-01
3.1355724e-01
3.1255534e-01
3.1193542e-01
3.1367043e-01
3.1265566e-01
3.1349292e-01
3.1231484e-01
3.1590697e-01
3.0935547e-01
3.1232899e-01
3.1254634e-01
3.1203061e-01
3.1333345e-01
3.1666324e-01
3.1578866e-01
3.1545812e-01
3.1376687e-01
3.1603816e-01
3.1969592e-01
3.1465429e-01
3.1572694e-01
3.1419128e-01
3.1537968e-01
3.1732816e-01
3.1468001e-01
3.1411541e-01
3.0938375e-01
3.1495011e-01
3.0789444e-01
3.0940562e-01
3.0715361e-01
3.1009242e-01
3.0950594e-01
3.0384570e-01
3.0878314e-01
3.0567586e-01
3.0281809e-01
3.0479872e-01
3.0321422e-01
3.0098921e-01
3.0238339e-01
3.0001047e-01
3.0338785e-01
3.0065355e-01
3.0046448e-01
3.0144581e-01
2.9934427e-01
3.0552024e-01
3.1078050e-01
3.1314054e-01
3.1662720e-01
3.0975416e-01
3.1427491e-01
3.1791076e-01
3.1818986e-01
3.1866443e-01
3.1585041e-01
3.1711981e-01
3.1699634e-01
3.2076082e-01
3.2029396e-01
3.1988883e-01
3.2143733e-01
3.2562110e-01
3.2329705e-01
3.2722744e-01
3.1882006e-01
3.2162896e-01
3.2006374e-01
3.2046759e-01
3.2635289e-01
3.2455489e-01
3.2815474e-01
3.2604936e-01
3.3112055e-01
3.2349640e-01
3.2185918e-01
3.2392597e-01
3.2983187e-01
3.2632589e-01
3.3054438e-01
3.2104635e-01
3.2761458e-01
3.3097908e-01
3.2200193e-01
3.2449314e-01
3.2269517e-01
3.2085729e-01
3.2259613e-01
3.1773329e-01
3.1446394e-01
3.1642786e-01
3.1896153e-01
3.1789792e-01
1.0045021e-01
9.3422823e-02
9.5062628e-02
9.4519883e-02
8.9260921e-02
9.0005592e-02
8.5003845e-02
8.9545153e-02
9.2991970e-02
8.7527223e-02
9.7138435e-02
1.0210416e-01
1.0211188e-01
1.0109584e-01
1.0417354e-01
1.0735156e-01
1.0043220e-01
1.0271250e-01
1.0702617e-01
1.0600241e-01
1.1024276e-01
1.1059516e-01
1.0468285e-01
1.0429700e-01
1.0956626e-01
3.2797471e-01
3.3314750e-01
3.2907820e-01
3.2795283e-01
3.3026400e-01
3.2719532e-01
3.2572654e-01
3.3403748e-01
3.3271921e-01
3.3074629e-01
3.2947689e-01
3.3548951e-01
3.3877042e-01
3.3685794e-01
3.3721936e-01
3.3315778e-01
3.3263046e-01
3.3649912e-01
3.3333912e-01
3.3099064e-01
3.3108068e-01
3.3352947e-01
3.3513585e-01
3.2894829e-01
3.2564294e-01
3.2424363e-01
3.2536000e-01
3.2614967e-01
3.2190806e-01
3.1967661e-01
3.1834289e-01
3.1927407e-01
3.2350284e-01
3.2094988e-01
3.1776929e-01
3.1225568e-01
3.1109172e-01
3.0931303e-01
3.1264538e-01
3.1604332e-01
3.1469932e-01
3.2336780e-01
3.2228872e-01
3.1900141e-01
3.2043672e-01
3.2787436e-01
3.2417548e-01
3.2427967e-01
3.2521468e-01
3.2640049e-01
3.3112183e-01
3.3710489e-01
3.3516541e-01
3.2539859e-01
3.2605579e-01
3.3241311e-01
3.3787015e-01
3.3600268e-01
3.3458537e-01
3.3108711e-01
3.3034244e-01
3.3653516e-01
3.3634350e-01
3.3449021e-01
3.3640653e-01
3.3510369e-01
3.3346903e-01
3.3815050e-01
3.3723223e-01
3.3229607e-01
3.2959777e-01
3.3533004e-01
3.3311790e-01
3.3509725e-01
3.3623034e-01
3.3610815e-01
3.3758461e-01
3.3376998e-01
3.3838072e-01
3.3356163e-01
3.4024304e-01
3.3717820e-01
3.3744958e-01
3.3304459e-01
3.3337900e-01
3.3284524e-01
3.3217388e-01
3.3494934e-01
3.3313078e-01
3.3071285e-01
3.3315778e-01
3.3753574e-01
3.3644640e-01
3.3640268e-01
3.4291047e-01
3.4487566e-01
3.4490523e-01
3.5274932e-01
3.4844851e-01
3.4486023e-01
3.4516248e-01
3.5601479e-01
3.5285220e-01
3.5263613e-01
3.4857583e-01
3.5593504e-01
3.5101303e-01
3.5604307e-01
3.4785819e-01
3.4803310e-01
3.4400368e-01
3.4152272e-01
3.3432943e-01
3.2449573e-01
3.1806511e-01
3.1111488e-01
3.0833429e-01
2.9985872e-01
2.9454830e-01
2.9194263e-01
2.9145133e-01
2.8059515e-01
2.7270862e-01
2.6904190e-01
2.6301125e-01
2.5522891e-01
2.5394920e-01
2.4949408e-01
2.4810635e-01
2.4068154e-01
2.3865589e-01
2.3307540e-01
2.2531363e-01
2.3100860e-01
2.3196033e-01
2.2427188e-01
2.2390662e-01
2.1722519e-01
2.1110453e-01
2.1084088e-01
2.0310998e-01
2.0331833e-01
1.9538037e-01
1.8763147e-01
1.8038672e-01
1.8120727e-01
1.7529495e-01
1.6075017e-01
1.5788341e-01
1.5147850e-01
1.4764713e-01
1.4576167e-01
1.3380843e-01
1.2945232e-01
1.2874496e-01
1.3494278e-01
1.2794885e-01
1.3016613e-01
1.3353834e-01
1.3213004e-01
1.3559228e-01
1.3101496e-01
1.3060212e-01
1.3625206e-01
1.4027634e-01
1.3784944e-01
1.3703917e-01
1.3701603e-01
1.3952011e-01
1.3301489e-01
1.3694400e-01
1.3748288e-01
1.3335700e-01
1.3780056e-01
1.4260553e-01
1.4257337e-01
1.3917799e-01
1.3846678e-01
1.4309040e-01
1.4246404e-01
1.4419261e-01
1.3433446e-01
1.3282968e-01
1.3283484e-01
1.3160016e-01
1.3454795e-01
1.3415954e-01
1.3385344e-01
1.3098796e-01
1.3493122e-01
1.3325411e-01
1.3127862e-01
1.3488749e-01
1.3313836e-01
1.3381743e-01
1.2817006e-01
1.2341911e-01
1.2680033e-01
1.3034490e-01
1.2416378e-01
-1.4037795e-01
-1.4265439e-01
-1.4243446e-01
-1.4520735e-01
-1.4322671e-01
-1.4689732e-01
-1.5187205e-01
-1.5381025e-01
-1.5117884e-01
-1.5734451e-01
-1.5990648e-01
-1.5787053e-01
-1.5921324e-01
-1.5584618e-01
-1.5724291e-01
-1.5139361e-01
-1.5010235e-01
-1.4865160e-01
-1.5332794e-01
-1.5441857e-01
-1.4581054e-01
-1.4539899e-01
-1.4185056e-01
-1.4686260e-01
-1.4103387e-01
-1.3005424e-01
-1.2344226e-01
-1.3223550e-01
-1.3380328e-01
-1.3170689e-01
-1.2916680e-01
-1.2396829e-01
-1.2813276e-01
-1.2476697e-01
-1.1724957e-01
-1.2732765e-01
-1.2616627e-01
-1.2249696e-01
-1.2642865e-01
-1.2647367e-01
-1.2319533e-01
-1.3035262e-01
-1.3331069e-01
-1.2628974e-01
-1.2747426e-01
-1.3444120e-01
-1.2662670e-01
-1.2703441e-01
-1.2631160e-01
-1.2739967e-01
-1.3022271e-01
-1.2546147e-01
-1.2836555e-01
-1.2946390e-01
-1.3688870e-01
-1.3614789e-01
-1.3064328e-01
-1.2787040e-01
-1.3812596e-01
-1.3449393e-01
-1.3471644e-01
-1.3654402e-01
-1.4111233e-01
-1.4356625e-01
-1.4041525e-01
-1.4186472e-01
-1.4704008e-01
-1.4360741e-01
-1.4733332e-01
-1.5005861e-01
-1.4667997e-01
-1.4961362e-01
-1.4737833e-01
-1.4384149e-01
-1.4079081e-01
1.1698206e-01
1.1115334e-01
1.1487152e-01
1.1479950e-01
1.2064622e-01
1.2060507e-01
1.1777431e-01
1.1827590e-01
1.2160953e-01
1.2393742e-01
1.1906300e-01
1.1883665e-01
1.2220887e-01
1.2612383e-01
1.2635148e-01
1.2819578e-01
1.2305771e-01
1.3115773e-01
1.2500748e-01
1.3073073e-01
1.3102140e-01
1.3290171e-01
1.2748970e-01
1.2776493e-01
1.2751542e-01
1.2767747e-01
1.2443515e-01
1.2911408e-01
1.3014555e-01
1.3068700e-01
1.2808131e-01
1.2575985e-01
1.3105226e-01
1.3453381e-01
1.3144967e-01
1.2599780e-01
1.2548463e-01
1.1780261e-01
1.2045845e-01
1.2146163e-01
1.1392751e-01
1.1326902e-01
1.1180412e-01
1.1541299e-01
1.1268511e-01
1.1044597e-01
1.0561529e-01
1.0775282e-01
1.0337743e-01
1.0559857e-01
-1.5263344e-01
-1.5656641e-01
-1.5345527e-01
-1.5158395e-01
-1.5515938e-01
-1.5014093e-01
-1.4627483e-01
-1.4867860e-01
-1.4957374e-01
-1.5782937e-01
-1.5279034e-01
-1.4051943e-01
-1.4415531e-01
-1.3950211e-01
-1.4522022e-01
-1.4149946e-01
-1.4243832e-01
-1.4067762e-01
-1.4253993e-01
-1.4813714e-01
-1.3790731e-01
-1.4280230e-01
-1.3596398e-01
-1.3918443e-01
-1.4194445e-01
1.2597592e-01
1.2938416e-01
1.2973784e-01
1.2915137e-01
1.2284678e-01
1.2913594e-01
1.2493931e-01
1.2451231e-01
1.2549621e-01
1.2672959e-01
1.3268179e-01
1.3194869e-01
1.3118216e-01
1.3194998e-01
1.2510908e-01
1.2605953e-01
1.2661642e-01
1.2931857e-01
1.3343674e-01
1.2569170e-01
1.2529556e-01
1.1978195e-01
1.2060250e-01
1.1356483e-01
1.1721098e-01
1.1414744e-01
1.1795180e-01
1.1657564e-01
1.1316226e-01
1.1703607e-01
1.1305037e-01
1.0972060e-01
1.1568050e-01
1.0988779e-01
1.0816053e-01
1.0925888e-01
1.1078808e-01
1.1132182e-01
1.1940897e-01
1.1611006e-01
1.1618209e-01
1.1894468e-01
1.2146549e-01
1.2382553e-01
1.2223716e-01
1.2790126e-01
1.2454961e-01
1.2986259e-01
1.3095324e-01
1.2320948e-01
1.2744725e-01
1.2998478e-01
1.3149598e-01
1.2842600e-01
1.2687750e-01
1.2728006e-01
1.2681834e-01
1.3010181e-01
1.2883241e-01
1.2897131e-01
1.3216476e-01
1.3272165e-01
1.3382386e-01
1.2836041e-01
1.2738553e-01
1.2949219e-01
1.2723762e-01
1.3057896e-01
1.3038605e-01
1.2894687e-01
1.2943946e-01
1.2857133e-01
1.3264191e-01
1.2930699e-01
1.2924139e-01
1.2237092e-01
1.2497018e-01
1.2691738e-01
1.2191306e-01
1.1844695e-01
1.1611649e-01
1.1431721e-01
1.1260280e-01
1.1071863e-01
1.1036108e-01
1.0386615e-01
1.0347518e-01
9.8899141e-02
9.8802686e-02
9.8852843e-02
9.5448472e-02
9.6593119e-02
9.5795721e-02
9.9521630e-02
1.0071258e-01
1.0009138e-01
9.9049620e-02
1.0711748e-01
1.0576705e-01
1.0172090e-01
1.0401663e-01
1.0659917e-01
1.0484490e-01
1.0935277e-01
1.0690656e-01
1.1297064e-01
1.1349151e-01
1.1333460e-01
1.1563420e-01
1.1618080e-01
1.1754666e-01
1.1223368e-01
1.1365485e-01
1.1396609e-01
1.1745149e-01
1.2341139e-01
1.2345641e-01
1.2262557e-01
1.2266673e-01
1.2103592e-01
1.2398244e-01
1.1425804e-01
1.1917747e-01
1.1852412e-01
1.1293848e-01
-1.3815296e-01
-1.3427787e-01
-1.3552798e-01
-1.3371582e-01
-1.3209145e-01
-1.3394347e-01
-1.3419813e-01
-1.2869094e-01
-1.3226636e-01
-1.3992524e-01
-1.3982877e-01
-1.3533506e-01
-1.4369358e-01
-1.4385307e-01
-1.3998698e-01
-1.4624397e-01
-1.4163193e-01
-1.4373988e-01
-1.5030812e-01
-1.5173315e-01
-1.4810756e-01
-1.5348357e-01
-1.5486872e-01
-1.6082476e-01
-1.6044536e-01
-1.2718102e-01
-1.2903433e-01
-1.2316832e-01
-1.2644407e-01
-1.1848039e-01
-1.1252049e-01
-1.1933567e-01
-1.2393999e-01
-1.1759168e-01
-1.1526894e-01
-1.1226455e-01
-1.1300407e-01
-1.1499114e-01
-1.1078680e-01
-1.0727824e-01
-1.1003184e-01
-1.1399953e-01
-1.1109675e-01
-1.0363080e-01
-1.0153184e-01
-9.8735802e-02
-1.0881645e-01
-1.0971545e-01
-1.0579020e-01
-1.0780299e-01
1.1363942e-01
1.1468633e-01
1.0523973e-01
1.1323815e-01
1.1086653e-01
1.1326645e-01
1.1413329e-01
1.1204205e-01
1.1355839e-01
1.0979519e-01
1.0665061e-01
1.1422589e-01
1.1099386e-01
1.1310311e-01
1.1276100e-01
1.0821711e-01
1.0834187e-01
1.0233438e-01
1.0367966e-01
9.8343536e-02
1.0125918e-01
9.8023288e-02
9.6608557e-02
9.6122399e-02
9.8244503e-02
-1.2174200e-01
-1.2632318e-01
-1.2922983e-01
-1.3066386e-01
-1.2749870e-01
-1.3588808e-01
-1.4009501e-01
-1.4757767e-01
-1.2834625e-01
-1.3855679e-01
-1.3456209e-01
-1.2929156e-01
-1.2568912e-01
-1.2354515e-01
-1.2534186e-01
-1.2864849e-01
-1.2103335e-01
-1.1646246e-01
-1.1832991e-01
-1.2282363e-01
-1.2659584e-01
-1.2392198e-01
-1.2149121e-01
-1.1853441e-01
-1.2216642e-01
-1.4655264e-01
-1.4193673e-01
-1.4206149e-01
-1.4008857e-01
-1.4129110e-01
-1.4727415e-01
-1.3896579e-01
-1.4273928e-01
-1.4560348e-01
-1.3404764e-01
-1.4211036e-01
-1.3651572e-01
-1.4321385e-01
-1.3737357e-01
-1.3552283e-01
-1.4111747e-01
-1.3920243e-01
-1.4005256e-01
-1.4203705e-01
-1.3996254e-01
-1.4322157e-01
-1.4095671e-01
-1.4090140e-01
-1.4138241e-01
-1.4575395e-01
-1.6602071e-01
-1.6040677e-01
-1.5554136e-01
-1.6198485e-01
-1.6561173e-01
-1.6864569e-01
-1.6361308e-01
-1.7058903e-01
-1.7024563e-01
-1.7596760e-01
-1.7577854e-01
-1.6815053e-01
-1.7145973e-01
-1.7482938e-01
-1.7969993e-01
-1.7426477e-01
-1.7690133e-01
-1.7160249e-01
-1.7482038e-01
-1.7081152e-01
-1.6945080e-01
-1.6632424e-01
-1.6290700e-01
-1.6287485e-01
-1.6607858e-01
8.9525864e-02
9.3357228e-02
9.4455577e-02
9.3044698e-02
8.9268640e-02
8.7807603e-02
9.1506496e-02
9.6852913e-02
9.5276125e-02
9.4109610e-02
9.7023971e-02
9.5757142e-02
9.3636319e-02
9.3683906e-02
9.6422061e-02
9.3935989e-02
9.6469648e-02
9.9875309e-02
9.8490156e-02
9.9872738e-02
9.9600077e-02
1.0169260e-01
9.9863738e-02
1.0157557e-01
1.0274980e-01
1.0326425e-01
9.7237468e-02
1.0623134e-01
1.0199870e-01
1.0639339e-01
1.0522816e-01
1.0076917e-01
9.6411780e-02
9.7641312e-02
9.4197072e-02
8.6253963e-02
9.1111653e-02
8.5983872e-02
8.7546520e-02
8.2845733e-02
8.5713789e-02
8.7628826e-02
8.4210306e-02
7.6875538e-02
7.3457018e-02
7.2480850e-02
7.3720679e-02
7.3613927e-02
7.5065963e-02
7.7482589e-02
7.5571410e-02
7.7297390e-02
8.2621947e-02
8.7951645e-02
8.6052038e-02
8.5321523e-02
8.8568985e-02
8.9095011e-02
9.0413287e-02
9.5332719e-02
9.8385975e-02
9.6933946e-02
9.5692836e-02
9.4622776e-02
9.5382877e-02
1.0215689e-01
1.0369253e-01
1.0092993e-01
1.0449636e-01
1.0324367e-01
9.9162795e-02
9.9499762e-02
1.0378513e-01
9.8500445e-02
1.0084634e-01
-1.3892721e-01
-1.4447555e-01
-1.4023390e-01
-1.4645104e-01
-1.4918405e-01
-1.4195859e-01
-1.4551988e-01
-1.4274956e-01
-1.4485624e-01
-1.4230457e-01
-1.3989051e-01
-1.4289747e-01
-1.4798538e-01
-1.5286237e-01
-1.4203963e-01
-1.5001746e-01
-1.5530472e-01
-1.4885481e-01
-1.5714645e-01
-1.4596617e-01
-1.4936925e-01
-1.4948371e-01
-1.5963896e-01
-1.5437613e-01
-1.5327393e-01
-1.3927832e-01
-1.4053872e-01
-1.4580797e-01
-1.4661823e-01
-1.4597131e-01
-1.3832015e-01
-1.4981554e-01
-1.4856029e-01
-1.4141715e-01
-1.3991494e-01
-1.3215832e-01
-1.3398463e-01
-1.3949695e-01
-1.3169789e-01
-1.2745240e-01
-1.2762345e-01
-1.3320138e-01
-1.3153328e-01
-1.2713987e-01
-1.2481070e-01
-1.2399787e-01
-1.2337281e-01
-1.2336510e-01
-1.1998130e-01
-1.1399953e-01
-1.3318338e-01
-1.3072945e-01
-1.3429330e-01
-1.3265477e-01
-1.3247600e-01
-1.3594596e-01
-1.3536464e-01
-1.3478588e-01
-1.3627779e-01
-1.2653153e-01
-1.3167217e-01
-1.2942404e-01
-1.3040020e-01
-1.1601746e-01
-1.2397215e-01
-1.2900347e-01
-1.2711287e-01
-1.2874366e-01
-1.2356573e-01
-1.2970698e-01
-1.3397691e-01
-1.4103645e-01
-1.3888091e-01
-1.3749060e-01
-1.4088598e-01
-1.5362890e-01
-1.5184247e-01
-1.5627059e-01
-1.4946829e-01
-1.6037849e-01
-1.5963767e-01
-1.6204272e-01
-1.6172762e-01
-1.6666634e-01
-1.6406837e-01
-1.6456096e-01
-1.7018004e-01
-1.7095686e-01
-1.6094051e-01
-1.6440149e-01
-1.7009130e-01
-1.6544196e-01
-1.6064729e-01
-1.5681592e-01
-1.5452532e-01
-1.6396292e-01
-1.5776893e-01
-1.5209198e-01
-1.4901172e-01
-1.5197623e-01
-1.3056354e-01
-1.2653796e-01
-1.2277348e-01
-1.2523513e-01
-1.3037962e-01
-1.2702797e-01
-1.1701293e-01
-1.1881607e-01
-1.2032212e-01
-1.2373807e-01
-1.1282402e-01
-1.1985911e-01
-1.1826304e-01
-1.1841609e-01
-1.2299340e-01
-1.2091374e-01
-1.2561324e-01
-1.2627302e-01
-1.3035776e-01
-1.2398115e-01
-1.3828543e-01
-1.2977257e-01
-1.2768647e-01
-1.2851216e-01
-1.3118345e-01
-1.3216090e-01
-1.3604885e-01
-1.3395377e-01
-1.3630480e-01
-1.3599741e-01
-1.3734013e-01
-1.4504401e-01
-1.4138885e-01
-1.4605233e-01
-1.5541275e-01
-1.5075183e-01
-1.4895898e-01
-1.5465394e-01
-1.5678376e-01
-1.5974699e-01
-1.5592591e-01
-1.6012512e-01
-1.6027302e-01
-1.6297388e-01
-1.5895602e-01
-1.5772392e-01
-1.5990904e-01
-1.6130963e-01
-1.5846729e-01
-1.5353245e-01
7.6995149e-02
7.6867826e-02
8.3860487e-02
7.6898687e-02
8.0708191e-02
7.4599102e-02
8.4951118e-02
8.8360637e-02
9.0890445e-02
8.3239287e-02
8.5428268e-02
8.6282253e-02
8.7381892e-02
9.3150161e-02
8.8078976e-02
9.1846034e-02
9.5633671e-02
9.3424112e-02
8.8099554e-02
8.9163177e-02
9.0243518e-02
8.9095011e-02
9.0138055e-02
8.6287402e-02
8.8460952e-02
-1.7344165e-01
-1.8206125e-01
-1.7370917e-01
-1.8244709e-01
-1.8208699e-01
-1.8015265e-01
-1.8510938e-01
-1.7797010e-01
-1.7734118e-01
-1.8004204e-01
-1.7112148e-01
-1.8312103e-01
-1.7518435e-01
-1.8627203e-01
-1.7703766e-01
-1.7846911e-01
-1.8674017e-01
-1.8365605e-01
-1.8401745e-01
-1.8763018e-01
-1.8496147e-01
-1.9488779e-01
-1.9649029e-01
-1.9238241e-01
-1.9262291e-01
6.7214169e-02
6.7138292e-02
6.6565961e-02
6.7623161e-02
6.8353675e-02
7.3574059e-02
7.4811310e-02
7.1981832e-02
7.5519964e-02
8.1589185e-02
8.2836725e-02
8.2497194e-02
8.2904890e-02
8.3868198e-02
8.7636545e-02
9.0531610e-02
9.3112864e-02
8.9190185e-02
8.8322051e-02
9.1475628e-02
9.2274316e-02
8.4600009e-02
9.0975329e-02
8.9253202e-02
9.1132231e-02
8.8823639e-02
8.8350348e-02
8.3104245e-02
8.5916996e-02
8.8266745e-02
8.6174220e-02
9.0230659e-02
8.4864944e-02
8.2976915e-02
8.7529801e-02
8.5414119e-02
8.3634123e-02
8.2777567e-02
8.5646912e-02
8.5711218e-02
8.5532449e-02
8.2382724e-02
8.2404591e-02
8.5205771e-02
8.2130648e-02
7.9622701e-02
8.1758954e-02
7.3628075e-02
7.2491139e-02
7.2545156e-02
-1.7287704e-01
-1.6823670e-01
-1.6885790e-01
-1.7428149e-01
-1.6912799e-01
-1.7375675e-01
-1.7670070e-01
-1.7900157e-01
-1.7877907e-01
-1.7775275e-01
-1.8161240e-01
-1.8074556e-01
-1.7841895e-01
-1.7618881e-01
-1.7018132e-01
-1.7586213e-01
-1.7645890e-01
-1.7252079e-01
-1.7281917e-01
-1.6496609e-01
-1.6365424e-01
-1.6513972e-01
-1.6708691e-01
-1.7256966e-01
-1.6671780e-01
-1.7355868e-01
-1.7424162e-01
-1.7991471e-01
-1.7106360e-01
-1.7891154e-01
-1.7692190e-01
-1.8145292e-01
-1.7179155e-01
-1.7116135e-01
-1.7176454e-01
-1.7519850e-01
-1.7362814e-01
-1.7391624e-01
-1.7291048e-01
-1.7015946e-01
-1.7233044e-01
-1.7651549e-01
-1.7216581e-01
-1.7551488e-01
-1.6694543e-01
-1.7842925e-01
-1.7439339e-01
-1.6857238e-01
-1.7578112e-01
-1.7616695e-01
-1.5940103e-01
-1.5794642e-01
-1.5656126e-01
-1.5764032e-01
-1.6432689e-01
-1.6141252e-01
-1.6643228e-01
-1.6673580e-01
-1.6956656e-01
-1.6751005e-01
-1.6888234e-01
-1.7286418e-01
-1.7272399e-01
-1.7036781e-01
-1.8107738e-01
-1.8314289e-01
-1.8086517e-01
-1.7880736e-01
-1.8209083e-01
-1.8023881e-01
-1.8470939e-01
-1.8181819e-01
-1.7476250e-01
-1.7908002e-01
-1.7965493e-01
-1.5787311e-01
-1.6730812e-01
-1.6201828e-01
-1.5894316e-01
-1.5805316e-01
-1.5820621e-01
-1.5933672e-01
-1.5764160e-01
-1.5678504e-01
-1.5823580e-01
-1.6192697e-01
-1.5427068e-01
-1.4593016e-01
-1.5917853e-01
-1.5642750e-01
-1.5644422e-01
-1.5393242e-01
-1.5147722e-01
-1.5141290e-01
-1.5930842e-01
-1.5495104e-01
-1.5654197e-01
-1.5271960e-01
-1.5481985e-01
-1.5836698e-01
7.0807606e-02
7.0384465e-02
6.9535628e-02
7.0455201e-02
6.5470181e-02
7.2810099e-02
7.2516866e-02
6.9554918e-02
7.1238458e-02
6.9752984e-02
6.3739061e-02
6.7054689e-02
6.3372515e-02
6.3458689e-02
5.8222871e-02
5.5808816e-02
5.5044856e-02
5.2201234e-02
5.3835899e-02
4.8475333e-02
4.9839910e-02
4.5788616e-02
4.2027988e-02
4.0386893e-02
4.3860715e-02
-1.9048667e-01
-1.8388884e-01
-1.8394671e-01
-1.8622573e-01
-1.8175516e-01
-1.7445126e-01
-1.7873535e-01
-1.8013594e-01
-1.8152623e-01
-1.6793574e-01
-1.7223912e-01
-1.7045656e-01
-1.7035238e-01
-1.7227900e-01
-1.6978391e-01
-1.6137266e-01
-1.6330828e-01
-1.6421500e-01
-1.7055945e-01
-1.5958366e-01
-1.6111414e-01
-1.5925440e-01
-1.6704318e-01
-1.5934315e-01
-1.6134179e-01
-1.9276696e-01
-1.8308501e-01
-1.8911180e-01
-1.9093552e-01
-1.9196442e-01
-1.8758902e-01
-1.8753114e-01
-1.9292258e-01
-1.9601829e-01
-1.8636850e-01
-1.9624336e-01
-1.8943204e-01
-1.9228081e-01
-1.9162618e-01
-1.8864879e-01
-1.8798773e-01
-1.9231553e-01
-1.9762851e-01
-1.9279526e-01
-2.0294407e-01
-1.9570576e-01
-1.9891979e-01
-2.0420319e-01
-1.9845936e-01
-2.0321287e-01
-1.7171696e-01
-1.7665438e-01
-1.8127029e-01
-1.7711097e-01
-1.8278663e-01
-1.8226060e-01
-1.8499491e-01
-1.8684050e-01
-1.8930085e-01
-1.8501034e-01
-1.7924465e-01
-1.8060794e-01
-1.8837099e-01
-1.8333967e-01
-1.7390080e-01
-1.7725244e-01
-1.7536569e-01
-1.7189445e-01
-1.6795762e-01
-1.6837431e-01
-1.7062761e-01
-1.7144430e-01
-1.6567861e-01
-1.6181637e-01
-1.6381887e-01
-1.6457510e-01
-1.5991934e-01
-1.5703070e-01
-1.6017784e-01
-1.5980358e-01
-1.6009811e-01
-1.5723777e-01
-1.6659689e-01
-1.5769048e-01
-1.5193249e-01
-1.6227937e-01
-1.5844671e-01
-1.6516802e-01
-1.6153471e-01
-1.6528247e-01
-1.5313374e-01
-1.5452147e-01
-1.6176622e-01
-1.5525070e-01
-1.5913995e-01
-1.5878369e-01
-1.5739982e-01
-1.6460983e-01
-1.6442205e-01
-1.6153857e-01
-1.5850845e-01
-1.6190125e-01
-1.6851965e-01
-1.7079610e-01
-1.7131440e-01
-1.6993953e-01
-1.7381334e-01
-1.7420176e-01
-1.7369245e-01
-1.7449112e-01
-1.7736948e-01
-1.8376409e-01
-1.7754182e-01
-1.7692062e-01
-1.7567950e-01
-1.7913276e-01
-1.8274805e-01
-1.8113011e-01
-1.7502230e-01
-1.7391880e-01
-1.7857844e-01
-1.7283717e-01
-1.7566922e-01
-1.7402683e-01
-1.7230858e-01
-1.8422195e-01
-1.8290368e-01
-1.8945134e-01
-1.9525304e-01
-1.8445088e-01
-1.8585919e-01
-1.8890473e-01
-1.8517753e-01
-1.8859091e-01
-1.7866075e-01
-1.8690480e-01
-1.8123299e-01
-1.8074042e-01
-1.8333323e-01
-1.8376538e-01
-1.8329465e-01
-1.8426953e-01
-1.8160982e-01
-1.8719161e-01
-1.8255384e-01
-1.7866717e-01
-1.8258858e-01
-1.8641222e-01
-1.7994559e-01
-1.7373617e-01
-1.7263010e-01
-1.7001799e-01
-1.7162050e-01
-1.7414902e-01
-1.7519078e-01
-1.7657851e-01
-1.7282431e-01
-1.6869713e-01
-1.7288347e-01
-1.7632514e-01
-1.7375804e-01
-1.7675599e-01
-1.7945172e-01
-1.7615023e-01
-1.7658494e-01
-1.8142591e-01
-1.8700641e-01
-1.8872210e-01
-1.8542576e-01
-1.8993877e-01
-1.8847902e-01
-1.9102812e-01
-1.9238369e-01
-1.9469744e-01
-1.9543695e-01
4.6022691e-02
4.9694579e-02
4.8621949e-02
5.2902173e-02
5.2810859e-02
5.5104017e-02
5.8774620e-02
6.0200930e-02
5.8081396e-02
5.8696166e-02
6.3750632e-02
6.4843841e-02
6.6846341e-02
5.9962999e-02
5.8889084e-02
6.4109467e-02
6.3931979e-02
6.6240571e-02
6.6259868e-02
6.3045837e-02
6.6712581e-02
6.6893928e-02
7.0002489e-02
6.5386586e-02
6.4658642e-02
6.8155617e-02
6.7026399e-02
7.0053935e-02
6.9196090e-02
6.7254037e-02
6.7948550e-02
7.1678311e-02
7.1623005e-02
6.7560136e-02
6.8679065e-02
6.9153644e-02
6.8245642e-02
7.0763871e-02
6.7252755e-02
7.0059076e-02
6.8396121e-02
6.7737624e-02
6.4540319e-02
6.4122327e-02
6.0793836e-02
5.7592671e-02
5.7415184e-02
5.5870548e-02
5.2907318e-02
5.3500220e-02
-1.7598560e-01
-1.7903115e-01
-1.7876621e-01
-1.7961119e-01
-1.8863721e-01
-1.8659742e-01
-1.7860158e-01
-1.7450014e-01
-1.8188763e-01
-1.7274585e-01
-1.7777333e-01
-1.6642584e-01
-1.7286032e-01
-1.7881250e-01
-1.7174654e-01
-1.6530563e-01
-1.6221763e-01
-1.6014184e-01
-1.5921196e-01
-1.6192827e-01
-1.5734322e-01
-1.5684807e-01
-1.5742682e-01
-1.6393204e-01
-1.6012897e-01
6.8537593e-02
6.8951726e-02
7.0425622e-02
6.7063697e-02
6.8309948e-02
6.5642528e-02
6.9687389e-02
7.1127847e-02
6.8753660e-02
7.2772801e-02
7.4561805e-02
7.0597962e-02
7.5144418e-02
7.4069217e-02
7.7113472e-02
7.4040920e-02
7.4647970e-02
7.5408071e-02
7.4752145e-02
7.4855037e-02
8.1848986e-02
7.4241556e-02
7.1525261e-02
7.2388247e-02
7.3815852e-02
7.3941886e-02
6.8640485e-02
6.6204563e-02
6.5519057e-02
6.1147518e-02
5.9894834e-02
6.1578371e-02
5.9597738e-02
5.7214551e-02
5.1095169e-02
5.8321904e-02
5.7046067e-02
5.3839758e-02
5.2578069e-02
5.9272349e-02
5.9704486e-02
5.3042360e-02
5.6818422e-02
6.3409813e-02
7.1004383e-02
7.3727109e-02
6.8983875e-02
7.3927745e-02
7.6808661e-02
7.9315320e-02
-1.6614290e-01
-1.6871257e-01
-1.6760778e-01
-1.6793574e-01
-1.5775864e-01
-1.5896246e-01
-1.5686865e-01
-1.5997721e-01
-1.6065371e-01
-1.6207360e-01
-1.5938301e-01
-1.5967111e-01
-1.6079004e-01
-1.5720819e-01
-1.5597351e-01
-1.6022672e-01
-1.6444778e-01
-1.5984216e-01
-1.6387546e-01
-1.5766862e-01
-1.6330442e-01
-1.5938945e-01
-1.6459826e-01
-1.6193599e-01
-1.5409191e-01
8.8305332e-02
9.4198354e-02
9.1282710e-02
8.6904742e-02
9.2087828e-02
9.1807447e-02
8.9536153e-02
8.9302078e-02
8.6729825e-02
8.7091230e-02
8.3132535e-02
7.5282030e-02
8.0710761e-02
7.8984782e-02
7.8334004e-02
7.3004305e-02
6.9948472e-02
6.3994996e-02
6.5315850e-02
6.7035399e-02
6.7733765e-02
6.3715912e-02
7.1971543e-02
6.7545988e-02
6.9395438e-02
7.1606286e-02
7.0007630e-02
7.4038349e-02
8.1055447e-02
6.9989629e-02
7.5095542e-02
7.0900202e-02
7.3532902e-02
8.1976309e-02
7.6507710e-02
7.6614454e-02
7.8601517e-02
7.6559156e-02
7.8053631e-02
7.9939090e-02
8.3529949e-02
7.8060061e-02
8.5390970e-02
8.0659322e-02
7.9832338e-02
7.9198278e-02
8.4314488e-02
8.0438107e-02
8.4996134e-02
8.2031615e-02
-1.6317451e-01
-1.5900104e-01
-1.5780881e-01
-1.5747055e-01
-1.5225661e-01
-1.5930071e-01
-1.5922482e-01
-1.5192479e-01
-1.5692267e-01
-1.5555938e-01
-1.5611884e-01
-1.5730079e-01
-1.5765446e-01
-1.6356421e-01
-1.6502911e-01
-1.6533777e-01
-1.6444649e-01
-1.6264464e-01
-1.7098901e-01
-1.7169252e-01
-1.7151633e-01
-1.7303909e-01
-1.6992795e-01
-1.6506769e-01
-1.7556119e-01
6.0319256e-02
6.0500599e-02
6.3400812e-02
6.1225973e-02
6.5227106e-02
6.6634126e-02
6.4829692e-02
6.6571109e-02
6.9323413e-02
7.0582531e-02
7.6599024e-02
7.2471850e-02
7.6215759e-02
7.4851178e-02
7.4641541e-02
8.2153797e-02
8.1977598e-02
8.5770376e-02
8.2023896e-02
7.8489624e-02
8.4744051e-02
8.6450741e-02
8.1927441e-02
8.7352313e-02
8.8121414e-02
9.0844139e-02
8.8584423e-02
9.1163099e-02
9.3150161e-02
8.9393392e-02
8.9496285e-02
9.2895508e-02
9.3574584e-02
9.0176642e-02
9.1869183e-02
9.6513383e-02
9.4752677e-02
9.4010584e-02
9.9441886e-02
9.0415865e-02
9.9142216e-02
9.5381588e-02
9.6603408e-02
9.4042733e-02
1.0182121e-01
9.8191775e-02
9.0226799e-02
9.0338692e-02
9.3795799e-02
9.3367517e-02
9.2885219e-02
8.6881593e-02
8.8010810e-02
8.6230814e-02
8.7518223e-02
8.9541294e-02
8.6659089e-02
8.0690183e-02
8.2771137e-02
8.6462311e-02
8.0820084e-02
8.4789068e-02
8.8341340e-02
8.7303437e-02
9.1001049e-02
9.0275675e-02
9.3554005e-02
9.5923051e-02
9.6144259e-02
1.0125661e-01
1.0053509e-01
8.9460269e-02
1.0094408e-01
1.0258903e-01
1.0447706e-01
-1.4072521e-01
-1.4062618e-01
-1.4242932e-01
-1.4181456e-01
-1.3681924e-01
-1.3861983e-01
-1.3742372e-01
-1.3442834e-01
-1.3915357e-01
-1.4758925e-01
-1.3614661e-01
-1.3757420e-01
-1.4167179e-01
-1.4520864e-01
-1.4732303e-01
-1.3801406e-01
-1.4805740e-01
-1.4781047e-01
-1.4896926e-01
-1.4629927e-01
-1.4841752e-01
-1.4357913e-01
-1.4288075e-01
-1.4418875e-01
-1.4831463e-01
-1.6451338e-01
-1.6063313e-01
-1.6037463e-01
-1.5725963e-01
-1.5626931e-01
-1.6037333e-01
-1.7237546e-01
-1.6489020e-01
-1.6563101e-01
-1.6984436e-01
-1.6549212e-01
-1.7205778e-01
-1.7463003e-01
-1.7462617e-01
-1.6658661e-01
-1.8098606e-01
-1.7502873e-01
-1.7690647e-01
-1.7466347e-01
-1.7387636e-01
-1.7714827e-01
-1.7492327e-01
-1.7311627e-01
-1.7319472e-01
-1.6771196e-01
8.8655159e-02
9.2226729e-02
9.6315317e-02
9.3235046e-02
8.8660300e-02
9.4609916e-02
9.7470254e-02
1.0045921e-01
9.5926911e-02
9.8948017e-02
9.6236862e-02
1.0179292e-01
1.0318837e-01
9.8733231e-02
9.7402096e-02
9.9713258e-02
1.0000521e-01
1.0140966e-01
9.8894000e-02
1.0242441e-01
1.0100324e-01
1.0332213e-01
9.7292773e-02
1.0091064e-01
9.8784678e-02
-1.6379571e-01
-1.6594225e-01
-1.6044407e-01
-1.6125433e-01
-1.5976501e-01
-1.5779723e-01
-1.6125947e-01
-1.6598856e-01
-1.6513328e-01
-1.6291472e-01
-1.6488120e-01
-1.6095467e-01
-1.6969517e-01
-1.6985336e-01
-1.7082053e-01
-1.7360885e-01
-1.7319214e-01
-1.6894922e-01
-1.7873405e-01
-1.7455158e-01
-1.8082915e-01
-1.8143620e-01
-1.7941312e-01
-1.8218344e-01
-1.8390042e-01
-1.5256141e-01
-1.5120584e-01
-1.4830948e-01
-1.4998659e-01
-1.3885389e-01
-1.4747094e-01
-1.3941208e-01
-1.3557428e-01
-1.4268783e-01
-1.3527976e-01
-1.4194831e-01
-1.3431258e-01
-1.3492092e-01
-1.3365538e-01
-1.4139913e-01
-1.3358593e-01
-1.2984459e-01
-1.3006710e-01
-1.2895073e-01
-1.3006194e-01
-1.2228347e-01
-1.2669873e-01
-1.3063814e-01
-1.2724018e-01
-1.3152812e-01
9.8436140e-02
9.8446429e-02
9.2603557e-02
9.4400279e-02
9.3307070e-02
9.1116801e-02
8.9353524e-02
8.8495679e-02
9.1753431e-02
9.3560435e-02
9.6041374e-02
9.5435604e-02
9.3569443e-02
9.6816905e-02
9.8530024e-02
9.7057410e-02
9.5210537e-02
9.2553400e-02
9.5652960e-02
9.1164388e-02
9.1467910e-02
8.6603791e-02
8.7918207e-02
8.7336875e-02
8.5261077e-02
-1.5492788e-01
-1.5326621e-01
-1.4874162e-01
-1.5775478e-01
-1.5826409e-01
-1.5813547e-01
-1.6305362e-01
-1.6528375e-01
-1.6234368e-01
-1.7255422e-01
-1.7089127e-01
-1.6575448e-01
-1.6121060e-01
-1.5776893e-01
-1.5889044e-01
-1.5613684e-01
-1.5420508e-01
-1.5030298e-01
-1.4740148e-01
-1.4898470e-01
-1.5250997e-01
-1.5182576e-01
-1.5235434e-01
-1.5689437e-01
-1.4920591e-01
8.5628904e-02
9.1392033e-02
8.6692527e-02
8.7258428e-02
8.6552344e-02
8.5392259e-02
8.8704027e-02
9.3508989e-02
9.0219088e-02
8.5290655e-02
9.0177931e-02
9.2595845e-02
9.0219088e-02
8.6374857e-02
8.9183755e-02
9.0147063e-02
9.0743825e-02
8.7268718e-02
9.1469198e-02
9.0130344e-02
9.1996506e-02
9.1772720e-02
9.2018373e-02
8.8842928e-02
8.5159473e-02
8.6827576e-02
8.5252069e-02
8.3873346e-02
7.9357758e-02
7.5582981e-02
7.6541148e-02
7.8063920e-02
7.3143207e-02
6.7242466e-02
6.7958839e-02
7.2632611e-02
6.9965191e-02
6.1641391e-02
6.4982742e-02
6.4481154e-02
6.3170597e-02
6.6832192e-02
6.0539182e-02
6.0986754e-02
6.8307377e-02
6.5892033e-02
6.5695256e-02
7.1581848e-02
6.9578066e-02
7.4130952e-02
-1.6230252e-01
-1.4718927e-01
-1.5428482e-01
-1.5743583e-01
-1.5508479e-01
-1.5991162e-01
-1.4994672e-01
-1.4843810e-01
-1.5334724e-01
-1.5417165e-01
-1.4186472e-01
-1.3630222e-01
-1.4309296e-01
-1.5296397e-01
-1.4658865e-01
-1.3544051e-01
-1.4185186e-01
-1.4339134e-01
-1.4859886e-01
-1.3978891e-01
-1.4094386e-01
-1.4011687e-01
-1.4923678e-01
-1.4087182e-01
-1.4227369e-01
8.7735578e-02
8.5375540e-02
8.6868733e-02
8.9168318e-02
8.9921989e-02
8.6127922e-02
8.8147141e-02
8.9675054e-02
8.9834534e-02
8.9509144e-02
8.2636096e-02
7.9795040e-02
8.5005134e-02
7.8460045e-02
7.7525035e-02
7.3348984e-02
7.5378492e-02
7.4628681e-02
7.8692831e-02
7.7329539e-02
6.9530480e-02
7.0248142e-02
7.2494999e-02
7.2973438e-02
7.0432052e-02
-1.5464622e-01
-1.5483657e-01
-1.4169623e-01
-1.4206792e-01
-1.3971303e-01
-1.3725781e-01
-1.3713306e-01
-1.3464570e-01
-1.3594468e-01
-1.2956551e-01
-1.2934300e-01
-1.2708715e-01
-1.2557337e-01
-1.2144491e-01
-1.2697525e-01
-1.1710938e-01
-1.1936010e-01
-1.2535472e-01
-1.2184490e-01
-1.1696405e-01
-1.1782961e-01
-1.1945399e-01
-1.2646981e-01
-1.2131758e-01
-1.1384134e-01
-1.3366824e-01
-1.3688226e-01
-1.3446178e-01
-1.3862111e-01
-1.3634337e-01
-1.4304794e-01
-1.3571575e-01
-1.3642441e-01
-1.4057602e-01
-1.4121650e-01
-1.4471734e-01
-1.3836646e-01
-1.3612731e-01
-1.3952139e-01
-1.4144415e-01
-1.3722952e-01
-1.3585079e-01
-1.3721538e-01
-1.3942365e-01
-1.3902880e-01
-1.4235859e-01
-1.4370258e-01
-1.4354825e-01
-1.4717898e-01
-1.4942583e-01
-1.4114448e-01
-1.3627136e-01
-1.3758706e-01
-1.3779412e-01
-1.4149302e-01
-1.4970107e-01
-1.4690632e-01
-1.4352509e-01
-1.4294121e-01
-1.4657064e-01
-1.3496722e-01
-1.4513919e-01
-1.3864169e-01
-1.3680252e-01
-1.4286017e-01
-1.3998312e-01
-1.3295829e-01
-1.2845944e-01
-1.3424185e-01
-1.3139051e-01
-1.3488105e-01
-1.3226379e-01
