-6.8404920e-06
6.2438687e-03
8.8774613e-03
2.2699709e-03
-3.7816417e-03
-3.8124120e-03
-2.3343319e-03
8.3338402e-04
-4.4191485e-03
-5.8826686e-03
5.2827343e-04
-8.7871176e-03
1.2434062e-03
-6.4187435e-04
9.6693219e-04
-9.1579385e-03
1.3087103e-03
9.5269653e-03
-7.4924658e-03
-8.1487721e-04
-1.7722236e-03
-2.7315252e-03
6.9205740e-03
6.5896764e-03
4.2755012e-03
1.2630918e-02
1.6532857e-02
1.3260479e-02
-1.0772743e-03
-9.5314997e-04
-9.7828309e-03
2.3748390e-03
1.7811747e-03
3.5985859e-04
-4.3314178e-03
-5.9388557e-03
5.1118778e-03
5.1226361e-03
7.7556776e-03
2.1883093e-02
3.7132054e-02
3.9996487e-02
3.7163801e-02
3.6534800e-02
3.7226638e-02
5.5330042e-02
4.6436810e-02
3.1331452e-02
-1.0576236e-02
-3.1517882e-02
-2.7167456e-02
-2.6940429e-02
-1.5130626e-02
7.0637009e-04
8.9388410e-03
3.0967964e-02
3.7988528e-02
5.7549897e-02
5.5507434e-02
6.6411300e-02
6.4112784e-02
6.3088975e-02
3.7323987e-02
3.4515135e-02
3.3328408e-02
5.4757565e-02
6.0761496e-02
8.1089386e-02
9.9938587e-02
1.1787395e-01
1.5223122e-01
1.8289974e-01
2.1013683e-01
2.3791605e-01
2.6563922e-01
8.9917804e-01
9.1926953e-01
9.1734011e-01
9.2235713e-01
9.2509341e-01
9.1710538e-01
9.0114944e-01
9.0483523e-01
8.8171688e-01
8.6478521e-01
8.6423822e-01
8.6532805e-01
8.5184099e-01
8.6836864e-01
8.8099323e-01
8.8378264e-01
9.0778849e-01
9.0259605e-01
9.1533976e-01
9.2738713e-01
9.4877789e-01
9.4409208e-01
9.5475054e-01
9.6089510e-01
9.6101236e-01
3.9796620e-01
4.0055517e-01
4.0924070e-01
4.0608461e-01
4.0730853e-01
3.9908069e-01
3.9466526e-01
3.9480068e-01
4.0075365e-01
3.9874271e-01
3.9765268e-01
3.9323322e-01
3.8021092e-01
3.8324640e-01
3.9060806e-01
3.8063323e-01
3.8902794e-01
3.8152003e-01
4.0091292e-01
3.7137023e-01
3.7389820e-01
3.8154631e-01
3.7707013e-01
3.7273798e-01
3.7261911e-01
9.6162391e-01
9.4915797e-01
9.5452503e-01
9.5212732e-01
9.5683760e-01
9.5871206e-01
9.6632374e-01
9.5518471e-01
9.5259200e-01
9.5573206e-01
9.5931898e-01
9.4128691e-01
9.5435361e-01
9.5292515e-01
9.6895526e-01
9.5143945e-01
9.4252892e-01
9.5970795e-01
9.5813042e-01
9.4442818e-01
9.4714234e-01
9.4350510e-01
9.4981439e-01
9.6274944e-01
9.4275794e-01
9.5882213e-01
9.6900756e-01
9.7418985e-01
9.7110927e-01
9.8158555e-01
9.8755803e-01
9.8749505e-01
9.7783788e-01
9.8912700e-01
9.8530691e-01
9.8274159e-01
9.8562614e-01
9.9014840e-01
9.8881047e-01
9.6967780e-01
9.7545713e-01
9.8733419e-01
9.9026563e-01
9.6838010e-01
9.7636797e-01
9.8154619e-01
9.8532204e-01
9.8005268e-01
9.7954288e-01
9.8166660e-01
9.6261377e-01
9.6737209e-01
9.5899395e-01
9.5812970e-01
9.5272502e-01
9.6035139e-01
9.6229350e-01
9.5961723e-01
9.5804182e-01
9.5025448e-01
9.5227678e-01
9.4781401e-01
9.5513713e-01
9.6040121e-01
9.6391905e-01
9.4343081e-01
9.4868528e-01
9.5811024e-01
9.5784393e-01
9.4795473e-01
9.6212484e-01
9.5409565e-01
9.5309051e-01
9.6521752e-01
9.4613187e-01
9.6804406e-01
9.6913425e-01
9.5643071e-01
9.6706286e-01
9.6389454e-01
9.5571693e-01
9.5077511e-01
9.6772052e-01
9.6443803e-01
9.6653156e-01
9.6721778e-01
9.6572793e-01
9.6661418e-01
9.7247807e-01
9.8094307e-01
9.6170993e-01
9.8845108e-01
9.7823756e-01
9.7441082e-01
9.6692683e-01
9.7408280e-01
9.5954702e-01
9.5122639e-01
9.5741306e-01
9.7121511e-01
3.4470945e-01
3.5031892e-01
3.5488970e-01
3.4340972e-01
3.4731716e-01
3.4222547e-01
3.4853557e-01
3.4878561e-01
3.4323775e-01
3.3713105e-01
3.3607795e-01
3.4114360e-01
3.4962571e-01
3.2913601e-01
3.3379368e-01
3.2454902e-01
3.3609830e-01
3.4001003e-01
3.3477673e-01
3.2278306e-01
3.2132528e-01
3.3326900e-01
3.3706268e-01
3.2630698e-01
3.2838884e-01
9.5348599e-01
9.4370280e-01
9.3928497e-01
9.5176049e-01
9.4535975e-01
9.3621932e-01
9.4218450e-01
9.4980047e-01
9.3441083e-01
9.3611360e-01
9.3607277e-01
9.4039886e-01
9.4013126e-01
9.4529363e-01
9.5027771e-01
9.4802867e-01
9.4256782e-01
9.4240599e-01
9.6380449e-01
9.4969471e-01
9.4725291e-01
9.5178744e-01
9.5430473e-01
9.6467590e-01
9.5339001e-01
3.6171183e-01
3.5428390e-01
3.6562746e-01
3.5579751e-01
3.4940581e-01
3.3677509e-01
3.4362113e-01
3.4326999e-01
3.4032736e-01
3.3496225e-01
3.4421344e-01
3.3129512e-01
3.2275544e-01
3.1527568e-01
3.1905492e-01
3.2954722e-01
3.3431862e-01
3.1520366e-01
3.0481936e-01
3.0802461e-01
2.9509351e-01
3.0290423e-01
3.0965251e-01
2.9721930e-01
2.9900307e-01
9.2957967e-01
9.3766935e-01
9.2353211e-01
9.2215452e-01
9.4209801e-01
9.4274753e-01
9.4822340e-01
9.3636845e-01
9.3145245e-01
9.4192909e-01
9.4565709e-01
9.4387213e-01
9.3246516e-01
9.3973037e-01
9.3655113e-01
9.3880622e-01
9.3620276e-01
9.3891029e-01
9.4494814e-01
9.2144471e-01
9.4272886e-01
9.3004965e-01
9.3399041e-01
9.2219793e-01
9.4013578e-01
9.1992771e-01
9.3920807e-01
9.2528791e-01
9.2237582e-01
9.1792855e-01
9.2623669e-01
9.3122091e-01
9.2369258e-01
9.0725202e-01
9.2290364e-01
9.3722124e-01
9.1251494e-01
9.1295297e-01
9.0315602e-01
9.1120972e-01
9.1289254e-01
8.9571134e-01
8.9349237e-01
9.0868678e-01
8.9548458e-01
9.0336584e-01
8.9910691e-01
9.0103396e-01
9.0153260e-01
9.0230776e-01
8.9518172e-01
8.9612817e-01
9.0388632e-01
9.0467260e-01
9.1035546e-01
8.9145500e-01
8.8935594e-01
9.0222072e-01
8.9962692e-01
8.9487459e-01
9.1672204e-01
9.0766372e-01
8.9487340e-01
9.0069615e-01
9.0191487e-01
8.9241989e-01
9.0207822e-01
9.1824256e-01
9.0858889e-01
9.1705353e-01
9.0805491e-01
8.9861638e-01
8.9964914e-01
8.8981333e-01
9.0853255e-01
9.3507970e-01
9.0876995e-01
9.2873111e-01
9.3013456e-01
9.1875852e-01
9.2538006e-01
9.2258334e-01
9.3183744e-01
9.3289387e-01
9.4216344e-01
9.4275026e-01
9.3518400e-01
9.3311168e-01
9.3987830e-01
9.4917764e-01
9.3642526e-01
9.3831969e-01
9.3605540e-01
9.4671151e-01
9.3164449e-01
9.1405241e-01
9.3289733e-01
9.3399969e-01
9.2440647e-01
9.3265996e-01
2.8469151e-01
2.8157759e-01
2.7880253e-01
2.7651524e-01
2.9273003e-01
2.7364551e-01
2.7621607e-01
2.7810175e-01
2.8826922e-01
2.8681072e-01
2.7817955e-01
2.7106819e-01
2.7183741e-01
2.8210055e-01
2.7595946e-01
2.6013962e-01
2.7043847e-01
2.8143059e-01
2.8346307e-01
2.8046631e-01
2.7094922e-01
2.8245915e-01
2.8132846e-01
2.8534171e-01
2.8481538e-01
2.7864903e-01
2.9056054e-01
2.9166616e-01
2.9469492e-01
2.9475364e-01
2.8838277e-01
2.8815452e-01
2.9051098e-01
2.8882983e-01
2.9854139e-01
2.9548332e-01
2.8833389e-01
3.0685737e-01
3.1799081e-01
3.1185904e-01
3.0540311e-01
3.1673120e-01
3.1510194e-01
3.2912441e-01
3.3835642e-01
3.2942711e-01
3.2240406e-01
3.3590590e-01
3.2669437e-01
3.2991082e-01
3.1588826e-01
3.1848336e-01
3.2657544e-01
3.1570314e-01
3.1467981e-01
3.1479058e-01
3.2541045e-01
3.1329566e-01
3.1507438e-01
3.1187688e-01
3.1377757e-01
3.0922439e-01
3.1282927e-01
3.1484024e-01
3.0622489e-01
3.0197140e-01
3.0117003e-01
3.1506692e-01
3.0418494e-01
2.9728804e-01
3.0088172e-01
3.1459441e-01
3.0446772e-01
3.0968356e-01
3.0692009e-01
9.0268443e-01
9.2149761e-01
9.1565303e-01
9.3180600e-01
9.1996785e-01
9.1858095e-01
9.2138101e-01
9.2436505e-01
9.2682628e-01
9.3698682e-01
9.2164662e-01
9.4047383e-01
9.4410818e-01
9.4516875e-01
9.3839300e-01
9.3880532e-01
9.4297050e-01
9.3651350e-01
9.2778396e-01
9.3544845e-01
9.2904287e-01
9.3461989e-01
9.4173639e-01
9.2883472e-01
9.5957715e-01
3.6987218e-01
3.6175532e-01
3.7065263e-01
3.6393871e-01
3.7092578e-01
3.6344269e-01
3.6592026e-01
3.6831081e-01
3.5783877e-01
3.6309668e-01
3.5589794e-01
3.5575583e-01
3.5426786e-01
3.5479244e-01
3.6023246e-01
3.5496890e-01
3.5674720e-01
3.4730538e-01
3.4000639e-01
3.4949435e-01
3.5772371e-01
3.4911771e-01
3.4687888e-01
3.3443881e-01
3.4365865e-01
9.4166307e-01
9.4229382e-01
9.4921355e-01
9.4872399e-01
9.4381112e-01
9.4599278e-01
9.5387694e-01
9.4351701e-01
9.3370607e-01
9.5081599e-01
9.3996855e-01
9.3695544e-01
9.4193134e-01
9.4966901e-01
9.6089857e-01
9.5206061e-01
9.5035174e-01
9.5340636e-01
9.5026380e-01
9.5388702e-01
9.5609138e-01
9.5669138e-01
9.5840473e-01
9.5116228e-01
9.4983738e-01
9.6597091e-01
9.5974638e-01
9.6364090e-01
9.6975855e-01
9.7236169e-01
9.7222767e-01
9.8873463e-01
9.9133365e-01
9.7680084e-01
9.8312414e-01
9.8939584e-01
9.8986188e-01
9.8046781e-01
9.8135465e-01
9.8358574e-01
9.8365592e-01
9.8668541e-01
9.6681763e-01
9.6572485e-01
9.7226732e-01
9.7750711e-01
9.7055440e-01
9.6843584e-01
9.7573061e-01
9.5615883e-01
3.6018022e-01
3.5395739e-01
3.6490427e-01
3.5809059e-01
3.6716398e-01
3.4328642e-01
3.4653634e-01
3.5322985e-01
3.5360338e-01
3.4844551e-01
3.4708191e-01
3.4376015e-01
3.6170744e-01
3.5865398e-01
3.6172086e-01
3.6429137e-01
3.5999199e-01
3.6391435e-01
3.7065442e-01
3.5627562e-01
3.5137393e-01
3.6323990e-01
3.6529129e-01
3.7443547e-01
3.7156034e-01
9.8605448e-01
9.9536166e-01
9.7539001e-01
9.8310788e-01
9.9011230e-01
9.8089330e-01
9.8159043e-01
9.8815318e-01
9.7392256e-01
9.7356464e-01
9.7654453e-01
9.7024338e-01
9.8568206e-01
9.7738873e-01
9.8017355e-01
9.9343612e-01
9.6255158e-01
9.7024300e-01
9.9143022e-01
9.9939837e-01
9.9001857e-01
9.8189928e-01
9.8085881e-01
9.8344574e-01
9.7846817e-01
3.8099062e-01
3.5934956e-01
3.7870705e-01
3.7212503e-01
3.6566182e-01
3.6487234e-01
3.6519571e-01
3.5609238e-01
3.5731464e-01
3.4940632e-01
3.5640430e-01
3.5287495e-01
3.5148331e-01
3.4627636e-01
3.4220396e-01
3.5411409e-01
3.4030196e-01
3.4992729e-01
3.4061765e-01
3.3568730e-01
3.4654555e-01
3.5303847e-01
3.4254479e-01
3.4458392e-01
3.3636117e-01
9.3405322e-01
9.2637141e-01
9.2463774e-01
9.2225592e-01
9.1910239e-01
9.2781806e-01
9.2506517e-01
9.2947537e-01
9.1682213e-01
9.3124559e-01
9.3148191e-01
9.2772542e-01
9.2321667e-01
9.2864950e-01
9.3224016e-01
9.3826339e-01
9.3581858e-01
9.2973911e-01
9.2610291e-01
9.3082128e-01
9.3546462e-01
9.2998346e-01
9.2830962e-01
9.3582544e-01
9.3415360e-01
3.5151144e-01
3.5808402e-01
3.5799016e-01
3.4823774e-01
3.5102909e-01
3.4622018e-01
3.4521943e-01
3.2740278e-01
3.2118044e-01
3.3805968e-01
3.2856607e-01
3.2511248e-01
3.1861089e-01
3.1512487e-01
3.2680521e-01
3.1888822e-01
3.0421297e-01
3.1303425e-01
3.1045142e-01
3.0456384e-01
3.0565802e-01
3.0489357e-01
2.9579627e-01
2.9753795e-01
2.8441808e-01
8.7591546e-01
8.6733538e-01
8.6530712e-01
8.8340569e-01
8.5852030e-01
8.5585711e-01
8.4974815e-01
8.3205089e-01
8.2608098e-01
8.2397137e-01
8.1348204e-01
8.0372693e-01
7.8532581e-01
7.8854581e-01
7.7426769e-01
7.7376402e-01
7.6227731e-01
7.5865997e-01
7.2730345e-01
7.1084803e-01
7.1297336e-01
7.0991694e-01
7.0862770e-01
7.0133537e-01
7.0161223e-01
6.7395650e-01
6.7169798e-01
6.5989420e-01
6.5407885e-01
6.5567294e-01
6.6259822e-01
6.4362597e-01
6.4691874e-01
6.5862753e-01
6.4536722e-01
6.3103750e-01
6.2782794e-01
6.1394575e-01
6.1613870e-01
6.0127333e-01
5.4732233e-01
5.1747642e-01
5.1247509e-01
4.8610659e-01
4.4589099e-01
4.1329109e-01
3.9309163e-01
3.7610498e-01
3.4958111e-01
3.3696200e-01
-1.6536991e-01
-1.8132336e-01
-1.8131916e-01
-1.8014246e-01
-1.8676124e-01
-1.9381408e-01
-1.8860812e-01
-1.8000068e-01
-1.8281571e-01
-1.9878195e-01
-1.9262666e-01
-1.9309139e-01
-1.9495315e-01
-1.9343940e-01
-1.8386278e-01
-1.9013564e-01
-1.7663660e-01
-1.6532328e-01
-1.5556783e-01
-1.5812486e-01
-1.5338953e-01
-1.6711754e-01
-1.6015895e-01
-1.4593680e-01
-1.5072664e-01
-1.4238542e-01
-1.3975662e-01
-1.3968789e-01
-1.4283815e-01
-1.4519552e-01
-1.3585465e-01
-1.2462002e-01
-1.2103824e-01
-1.2290615e-01
-1.2440882e-01
-1.3275390e-01
-1.3267255e-01
-1.2183352e-01
-1.0749606e-01
-1.1483988e-01
-1.1612151e-01
-1.1625715e-01
-1.1170151e-01
-1.1631551e-01
-1.2350805e-01
-1.3493214e-01
-1.4204679e-01
-1.3723598e-01
-1.2903963e-01
-1.3461733e-01
3.6970731e-01
3.6469683e-01
3.6559521e-01
3.5315247e-01
3.4793514e-01
3.5602306e-01
3.6907280e-01
3.5857520e-01
3.6322051e-01
3.5724533e-01
3.5047377e-01
3.4843638e-01
3.4210268e-01
3.6440788e-01
3.6216052e-01
3.5527054e-01
3.3397367e-01
3.2567449e-01
3.4492889e-01
3.6613136e-01
3.6023248e-01
3.6376044e-01
3.3988712e-01
3.2157776e-01
3.3305314e-01
3.5532187e-01
3.6522493e-01
3.4749099e-01
3.3800592e-01
3.2921940e-01
3.6386212e-01
3.7545388e-01
3.5886301e-01
3.4958156e-01
3.3273976e-01
3.5387150e-01
3.6277261e-01
3.8094803e-01
3.6764291e-01
3.4639490e-01
3.4619287e-01
3.5109115e-01
3.7868744e-01
3.7037661e-01
3.6510379e-01
3.4996788e-01
3.5598022e-01
3.5062799e-01
3.6797642e-01
3.6333795e-01
-1.4566553e-01
-1.5344497e-01
-1.6253780e-01
-1.6862748e-01
-1.6735965e-01
-1.7065050e-01
-1.7866810e-01
-1.7771825e-01
-1.9063685e-01
-1.8176981e-01
-1.8279569e-01
-1.8430684e-01
-2.0157933e-01
-1.9855496e-01
-2.0340678e-01
-1.9872414e-01
-1.8738156e-01
-2.0205556e-01
-2.0228237e-01
-2.0328798e-01
-2.0202732e-01
-2.0914786e-01
-2.0475394e-01
-2.0205809e-01
-2.0797904e-01
-2.0255462e-01
-2.0880307e-01
-2.0546430e-01
-2.0018851e-01
-2.1182081e-01
-2.0867106e-01
-2.1941408e-01
-2.1007891e-01
-2.1948333e-01
-2.1449854e-01
-2.1857613e-01
-2.1777209e-01
-2.1958100e-01
-2.1850928e-01
-2.1904980e-01
-2.1012266e-01
-2.1622244e-01
-2.1417693e-01
-2.1473288e-01
-2.1807614e-01
-2.0822277e-01
-2.0923340e-01
-2.1426579e-01
-2.1400788e-01
-2.1403182e-01
3.2700082e-01
3.3396584e-01
3.4713289e-01
3.5004384e-01
3.2932215e-01
3.3478962e-01
3.3668886e-01
3.3764343e-01
3.3545375e-01
3.2969776e-01
3.3518869e-01
3.3033782e-01
3.1209031e-01
3.1810904e-01
3.2157918e-01
3.2874448e-01
3.2806199e-01
3.2260483e-01
3.1535423e-01
3.0123494e-01
3.2930936e-01
3.1117874e-01
3.0552845e-01
3.0627549e-01
2.9801656e-01
-2.4391550e-01
-2.5124492e-01
-2.5455101e-01
-2.5146458e-01
-2.5944909e-01
-2.5077986e-01
-2.6353639e-01
-2.6244631e-01
-2.6020409e-01
-2.5761502e-01
-2.6799185e-01
-2.5931144e-01
-2.6209789e-01
-2.6131527e-01
-2.7106575e-01
-2.6500499e-01
-2.6361115e-01
-2.8009292e-01
-2.6652251e-01
-2.7050610e-01
-2.7526783e-01
-2.7898550e-01
-2.7540516e-01
-2.7023468e-01
-2.6702372e-01
-2.7900459e-01
-2.6602921e-01
-2.6523817e-01
-2.6643165e-01
-2.6787695e-01
-2.7664315e-01
-2.6336846e-01
-2.6788175e-01
-2.7255003e-01
-2.6289494e-01
-2.6633147e-01
-2.6769403e-01
-2.7154927e-01
-2.6036043e-01
-2.5438571e-01
-2.5962941e-01
-2.6538086e-01
-2.6678108e-01
-2.6336066e-01
-2.6727245e-01
-2.7648210e-01
-2.8110954e-01
-2.7277031e-01
-2.8655478e-01
-2.7577039e-01
-2.9041584e-01
-2.8365785e-01
-2.8411229e-01
-2.8548430e-01
-3.0279084e-01
-2.9287631e-01
-2.9740865e-01
-2.9668616e-01
-2.9595547e-01
-2.9874351e-01
-2.9519989e-01
-2.9820406e-01
-2.9656740e-01
-3.0375174e-01
-2.9045565e-01
-2.9703348e-01
-2.9718412e-01
-2.9745623e-01
-2.9922435e-01
-3.0621559e-01
-3.0488315e-01
-3.0352748e-01
-3.0189254e-01
-3.0645409e-01
-3.1466730e-01
-3.0409649e-01
-3.0638260e-01
-3.0370783e-01
-3.0763833e-01
-3.1245374e-01
-3.0758386e-01
-3.0563723e-01
-2.9723784e-01
-3.1070717e-01
-2.9755316e-01
-3.0335176e-01
-3.0021878e-01
-3.0823417e-01
-3.0966889e-01
-2.9942292e-01
-3.1133421e-01
-3.0615493e-01
-3.0123491e-01
-3.0628462e-01
-3.0525428e-01
-3.0240913e-01
-3.0711995e-01
-3.0400211e-01
-3.1095920e-01
-3.0564753e-01
-3.0631160e-01
-3.0534960e-01
-3.0174362e-01
-3.1338268e-01
-3.2562986e-01
-3.2879449e-01
-3.3670210e-01
-3.2283525e-01
-3.3258801e-01
-3.4025258e-01
-3.4020378e-01
-3.4083970e-01
-3.3390069e-01
-3.3697863e-01
-3.3955598e-01
-3.4794445e-01
-3.4639684e-01
-3.4482553e-01
-3.4785026e-01
-3.5823133e-01
-3.5520365e-01
-3.6281915e-01
-3.4526871e-01
-3.5137919e-01
-3.4756848e-01
-3.4933986e-01
-3.6334827e-01
-3.5864569e-01
-3.6661272e-01
-3.6201492e-01
-3.7486522e-01
-3.6036658e-01
-3.5687390e-01
-3.6102752e-01
-3.7382125e-01
-3.6878501e-01
-3.7867371e-01
-3.5941573e-01
-3.7309613e-01
-3.8082803e-01
-3.6345353e-01
-3.7184833e-01
-3.6916530e-01
-3.6701548e-01
-3.7322749e-01
-3.6507362e-01
-3.6137932e-01
-3.6713837e-01
-3.7402385e-01
-3.7233155e-01
2.0435710e-01
2.1701989e-01
2.1086108e-01
2.1040393e-01
2.1977091e-01
2.1701613e-01
2.2604880e-01
2.1755354e-01
2.1169653e-01
2.2448980e-01
2.0501626e-01
1.9674514e-01
1.9531988e-01
1.9704907e-01
1.9310392e-01
1.8767082e-01
2.0386065e-01
1.9832069e-01
1.8977452e-01
1.9326788e-01
1.8628943e-01
1.8562069e-01
1.9759591e-01
1.9640559e-01
1.8738811e-01
-4.0084007e-01
-4.1322323e-01
-4.0414619e-01
-4.0337684e-01
-4.0826529e-01
-4.0206189e-01
-4.0018529e-01
-4.1775091e-01
-4.1393037e-01
-4.0976758e-01
-4.0865586e-01
-4.2115205e-01
-4.2854238e-01
-4.2493519e-01
-4.2696719e-01
-4.1889529e-01
-4.1678699e-01
-4.2546021e-01
-4.1962265e-01
-4.1407532e-01
-4.1473498e-01
-4.1990048e-01
-4.2326533e-01
-4.1162538e-01
-4.0580726e-01
-4.0316788e-01
-4.0749495e-01
-4.1073578e-01
-4.0405267e-01
-4.0131188e-01
-3.9894808e-01
-4.0193426e-01
-4.1208936e-01
-4.0820910e-01
-4.0197309e-01
-3.9414121e-01
-3.9093583e-01
-3.8734805e-01
-3.9513450e-01
-4.0215091e-01
-3.9868624e-01
-4.1388802e-01
-4.1052886e-01
-4.0355486e-01
-4.0719491e-01
-4.2065752e-01
-4.1162035e-01
-4.1056441e-01
-4.1339121e-01
-4.1725381e-01
-4.2912901e-01
-4.3995667e-01
-4.3482852e-01
-4.1366197e-01
-4.1680371e-01
-4.3184705e-01
-4.4270736e-01
-4.3818105e-01
-4.3632525e-01
-4.3137484e-01
-4.3048941e-01
-4.4377957e-01
-4.4256412e-01
-4.3955268e-01
-4.4357907e-01
-4.4330283e-01
-4.4005286e-01
-4.5012837e-01
-4.4912159e-01
-4.3809914e-01
-4.3234525e-01
-4.4451711e-01
-4.4207016e-01
-4.4691382e-01
-4.4992880e-01
-4.4994052e-01
-4.5290696e-01
-4.4578743e-01
-4.5653711e-01
-4.4683975e-01
-4.6106661e-01
-4.5582825e-01
-4.6038348e-01
-4.5385319e-01
-4.5803252e-01
-4.5881783e-01
-4.6028925e-01
-4.6674808e-01
-4.6631899e-01
-4.6498417e-01
-4.6959003e-01
-4.7876897e-01
-4.7638340e-01
-4.7732951e-01
-4.9289989e-01
-5.0038851e-01
-5.0122029e-01
-5.2047938e-01
-5.1314756e-01
-5.0639384e-01
-5.0779597e-01
-5.3075768e-01
-5.2735338e-01
-5.2719960e-01
-5.1762946e-01
-5.3153245e-01
-5.2187377e-01
-5.3191879e-01
-5.1532996e-01
-5.1141266e-01
-4.9634175e-01
-4.8665638e-01
-4.6785154e-01
-4.4139055e-01
-4.2296074e-01
-4.0462473e-01
-3.9746135e-01
-3.8162829e-01
-3.7031918e-01
-3.6261745e-01
-3.5977552e-01
-3.3488078e-01
-3.1691867e-01
-3.0831435e-01
-2.9677825e-01
-2.7993235e-01
-2.7775051e-01
-2.6839585e-01
-2.6620389e-01
-2.5119104e-01
-2.4833004e-01
-2.3740556e-01
-2.2258240e-01
-2.3528712e-01
-2.3566425e-01
-2.2065642e-01
-2.1921984e-01
-2.0612418e-01
-1.9467015e-01
-1.9281738e-01
-1.7779065e-01
-1.7781987e-01
-1.6409431e-01
-1.4992625e-01
-1.3502989e-01
-1.3658786e-01
-1.2345294e-01
-9.2703658e-02
-8.5879360e-02
-7.4065606e-02
-6.6349268e-02
-6.2861482e-02
-3.9312440e-02
-3.1068648e-02
-2.9246948e-02
-4.0116223e-02
-2.3082234e-02
-2.6627058e-02
-3.1460767e-02
-2.6014863e-02
-3.3978120e-02
-2.2214914e-02
-2.2514741e-02
-3.2957366e-02
-4.0712325e-02
-3.4336627e-02
-3.2225083e-02
-3.3242684e-02
-3.6800954e-02
-2.2388626e-02
-2.9530705e-02
-3.0582177e-02
-2.1802024e-02
-3.0124978e-02
-3.9774855e-02
-3.9262328e-02
-3.2750026e-02
-3.1348609e-02
-4.0169745e-02
-3.6915406e-02
-4.0529434e-02
-2.2434329e-02
-1.9322572e-02
-1.8505792e-02
-1.4599268e-02
-2.0258382e-02
-2.0032046e-02
-1.9724825e-02
-1.2475053e-02
-1.9200874e-02
-1.7997903e-02
-1.4062611e-02
-2.1461436e-02
-1.5606976e-02
-1.7986434e-02
-6.6312697e-03
1.0020502e-03
-5.7051343e-03
-1.4758427e-02
-2.8073626e-03
6.6594271e-01
6.6655327e-01
6.6689584e-01
6.6980745e-01
6.6433210e-01
6.7039515e-01
6.7897552e-01
6.8225478e-01
6.7407361e-01
6.8600904e-01
6.8985107e-01
6.8510781e-01
6.8916305e-01
6.8566482e-01
6.8945830e-01
6.7718037e-01
6.7903447e-01
6.7739997e-01
6.8589009e-01
6.8987677e-01
6.7351216e-01
6.7533797e-01
6.6963516e-01
6.7870731e-01
6.6700026e-01
6.5465955e-01
6.4275123e-01
6.6099139e-01
6.6314532e-01
6.5950903e-01
6.5447652e-01
6.4584900e-01
6.5326362e-01
6.4623399e-01
6.3113469e-01
6.5286499e-01
6.5126895e-01
6.4416987e-01
6.5245645e-01
6.5285981e-01
6.4518669e-01
6.6023199e-01
6.6721975e-01
6.5469630e-01
6.5783495e-01
6.7235012e-01
6.5549170e-01
6.5663089e-01
6.5611669e-01
6.5793315e-01
6.5937920e-01
6.5063334e-01
6.5836551e-01
6.5832718e-01
6.7324046e-01
6.6921039e-01
6.5656353e-01
6.4965167e-01
6.6789133e-01
6.5855410e-01
6.5554375e-01
6.5713233e-01
6.6434414e-01
6.6954169e-01
6.6241034e-01
6.6402237e-01
6.7224434e-01
6.6329781e-01
6.7050695e-01
6.7773663e-01
6.7112571e-01
6.7812748e-01
6.7549009e-01
6.7279058e-01
6.6827949e-01
1.0351358e-02
2.3810817e-02
1.6411897e-02
1.6785340e-02
7.1309443e-03
7.2329108e-03
1.4939253e-02
1.5012592e-02
8.8840893e-03
3.7003388e-03
1.4181591e-02
1.6106246e-02
1.0188425e-02
3.5805173e-03
3.0779636e-03
-9.9012519e-04
7.8888503e-03
-7.3455113e-03
6.0070084e-03
-5.4052705e-03
-6.4665623e-03
-9.0400807e-03
2.0676913e-03
1.0322362e-03
3.5600020e-03
4.4820117e-03
1.0940216e-02
1.3418358e-03
6.4970712e-05
9.8373682e-05
5.9597130e-03
8.7849680e-03
3.0356869e-04
-4.8893510e-03
2.5396247e-03
1.3050324e-02
1.3483320e-02
2.7608191e-02
2.1458483e-02
1.8311337e-02
3.2735837e-02
3.2267433e-02
3.5150938e-02
2.5855576e-02
3.1857324e-02
3.5838547e-02
4.5232507e-02
4.0809283e-02
4.7847177e-02
4.1835959e-02
6.8886804e-01
6.9805681e-01
6.9178868e-01
6.8905942e-01
6.9906816e-01
6.9073832e-01
6.8581791e-01
6.9507152e-01
6.9437782e-01
7.1310528e-01
7.0447637e-01
6.8120415e-01
6.9203607e-01
6.8023678e-01
6.9429573e-01
6.8918035e-01
6.9327968e-01
6.9089046e-01
6.9462179e-01
7.0746535e-01
6.8836313e-01
6.9954422e-01
6.8645105e-01
6.9104822e-01
6.9718647e-01
2.6517495e-02
1.9937376e-02
2.0358210e-02
2.1956018e-02
3.4697259e-02
1.9637794e-02
2.8826950e-02
3.0427090e-02
3.0201258e-02
2.6445846e-02
1.5582711e-02
1.7183603e-02
2.0090701e-02
1.8709482e-02
3.2232346e-02
3.0915068e-02
3.0554609e-02
2.6057605e-02
1.8755600e-02
3.2216149e-02
3.2237237e-02
4.2089068e-02
4.0892175e-02
5.4345411e-02
4.6046988e-02
5.0715563e-02
4.2381627e-02
4.5653414e-02
5.1573140e-02
4.1837094e-02
5.0054128e-02
5.6321709e-02
4.3518274e-02
5.4955024e-02
5.9839942e-02
5.7801885e-02
5.7690015e-02
5.6273915e-02
4.2630545e-02
5.0601577e-02
5.0444928e-02
4.7827560e-02
4.4177134e-02
4.1120975e-02
4.4259110e-02
3.4283775e-02
4.3570305e-02
3.5385944e-02
3.4040368e-02
4.9724038e-02
4.0365253e-02
3.7198899e-02
3.6892956e-02
4.6061526e-02
5.0682675e-02
5.0160399e-02
5.4072939e-02
4.7161860e-02
5.0847296e-02
4.9980618e-02
4.5395261e-02
4.5550883e-02
4.3872251e-02
5.4022967e-02
5.7626343e-02
5.5239437e-02
6.1287491e-02
5.6422124e-02
5.7527523e-02
5.9561187e-02
5.8538824e-02
6.2630834e-02
5.4058012e-02
6.1317814e-02
6.2364210e-02
7.7935795e-02
7.2631404e-02
6.8354843e-02
7.6056075e-02
8.3270211e-02
8.7659058e-02
9.1866009e-02
9.5202473e-02
9.8114670e-02
9.8618533e-02
1.1284750e-01
1.1482815e-01
1.2362784e-01
1.2338857e-01
1.2160752e-01
1.2906313e-01
1.2721782e-01
1.3033616e-01
1.2309393e-01
1.2206786e-01
1.2558278e-01
1.3182187e-01
1.1502561e-01
1.1953999e-01
1.2888033e-01
1.2758818e-01
1.2192835e-01
1.2510420e-01
1.1782401e-01
1.2427865e-01
1.1435315e-01
1.1487620e-01
1.1598008e-01
1.1084345e-01
1.1024866e-01
1.1119436e-01
1.2473825e-01
1.2160241e-01
1.2060050e-01
1.1287448e-01
1.0291355e-01
1.0616201e-01
1.0791695e-01
1.0891014e-01
1.1268796e-01
1.0665252e-01
1.2982797e-01
1.1937380e-01
1.2272364e-01
1.3502455e-01
7.7155536e-01
7.6304866e-01
7.6691967e-01
7.6139985e-01
7.5839231e-01
7.6216584e-01
7.6533711e-01
7.5561007e-01
7.6190508e-01
7.7519153e-01
7.7354514e-01
7.6438077e-01
7.7878426e-01
7.7788104e-01
7.6928006e-01
7.8138797e-01
7.7106803e-01
7.7224780e-01
7.8337988e-01
7.8558508e-01
7.8009355e-01
7.9000674e-01
7.8953974e-01
8.0240596e-01
8.0041980e-01
7.3846173e-01
7.4355801e-01
7.3141891e-01
7.4247387e-01
7.2901789e-01
7.1983563e-01
7.3454947e-01
7.4560787e-01
7.3328970e-01
7.3110228e-01
7.2517396e-01
7.2705064e-01
7.3471227e-01
7.2808767e-01
7.2423165e-01
7.2954467e-01
7.3555594e-01
7.3007272e-01
7.1822576e-01
7.1769431e-01
7.1176141e-01
7.3218820e-01
7.3428034e-01
7.2960829e-01
7.3558721e-01
1.6338437e-01
1.6127202e-01
1.8262827e-01
1.6741527e-01
1.7414973e-01
1.6893171e-01
1.6854696e-01
1.7470714e-01
1.7237543e-01
1.8214688e-01
1.8930941e-01
1.7291574e-01
1.7978780e-01
1.7676152e-01
1.7925078e-01
1.8853928e-01
1.8675496e-01
1.9948534e-01
1.9678005e-01
2.0748832e-01
2.0049029e-01
2.0416054e-01
2.0670815e-01
2.0561885e-01
2.0113005e-01
7.6526745e-01
7.7177401e-01
7.7792504e-01
7.7956298e-01
7.7119641e-01
7.8800468e-01
7.9491437e-01
8.1015917e-01
7.7219923e-01
7.9676242e-01
7.8987780e-01
7.8006423e-01
7.7911236e-01
7.7677804e-01
7.8219384e-01
7.8959065e-01
7.7594139e-01
7.7063452e-01
7.7588340e-01
7.8493733e-01
7.9429426e-01
7.8988270e-01
7.8994419e-01
7.8437922e-01
7.9100862e-01
8.3387019e-01
8.2838882e-01
8.2844748e-01
8.2498155e-01
8.2578389e-01
8.3835521e-01
8.2482670e-01
8.3199576e-01
8.3704459e-01
8.1323793e-01
8.3026776e-01
8.1826296e-01
8.3398385e-01
8.2270365e-01
8.1793763e-01
8.2970016e-01
8.2707428e-01
8.2953604e-01
8.3447421e-01
8.3021467e-01
8.3690205e-01
8.3549626e-01
8.3642926e-01
8.3533791e-01
8.4236421e-01
8.7900652e-01
8.6635122e-01
8.5698160e-01
8.6755500e-01
8.7241819e-01
8.7729746e-01
8.6645827e-01
8.7760676e-01
8.7614630e-01
8.8684974e-01
8.8373673e-01
8.6517875e-01
8.7036557e-01
8.7502813e-01
8.8345723e-01
8.7235939e-01
8.7988285e-01
8.7139313e-01
8.8010884e-01
8.7385513e-01
8.7306525e-01
8.6789598e-01
8.6251993e-01
8.6569887e-01
8.7473826e-01
2.5575906e-01
2.4828318e-01
2.4802797e-01
2.5227097e-01
2.6351718e-01
2.6652529e-01
2.6025598e-01
2.5291812e-01
2.5691878e-01
2.5878842e-01
2.5320408e-01
2.5628350e-01
2.6324926e-01
2.6192261e-01
2.5563085e-01
2.6100718e-01
2.5733026e-01
2.5055176e-01
2.5262905e-01
2.4688944e-01
2.4798799e-01
2.4504004e-01
2.4929518e-01
2.4513749e-01
2.4258162e-01
2.4062923e-01
2.5463440e-01
2.3502394e-01
2.4440658e-01
2.3621474e-01
2.3795453e-01
2.4677158e-01
2.5411439e-01
2.5088778e-01
2.5778971e-01
2.7516509e-01
2.6294706e-01
2.7253237e-01
2.6861112e-01
2.7696575e-01
2.7028887e-01
2.6754866e-01
2.7251382e-01
2.8552577e-01
2.9110259e-01
2.9312392e-01
2.8789941e-01
2.8658936e-01
2.8251276e-01
2.7820316e-01
2.8262194e-01
2.8010397e-01
2.6869178e-01
2.5755871e-01
2.6308189e-01
2.6562105e-01
2.5828816e-01
2.5774957e-01
2.5638246e-01
2.4718934e-01
2.4294959e-01
2.4633493e-01
2.4877590e-01
2.5203118e-01
2.5122808e-01
2.3954328e-01
2.3962052e-01
2.4401319e-01
2.3646139e-01
2.4005590e-01
2.5019553e-01
2.4945831e-01
2.4120766e-01
2.5245069e-01
2.4885898e-01
8.5056108e-01
8.6282100e-01
8.5354028e-01
8.6667220e-01
8.7222648e-01
8.5960987e-01
8.6632654e-01
8.5794354e-01
8.6113500e-01
8.5609680e-01
8.5346451e-01
8.6043475e-01
8.6928332e-01
8.7889061e-01
8.5629550e-01
8.7224780e-01
8.7996396e-01
8.6404887e-01
8.8033057e-01
8.5734290e-01
8.6339949e-01
8.6056313e-01
8.8034611e-01
8.6858428e-01
8.6674412e-01
8.3631678e-01
8.3775119e-01
8.4777175e-01
8.4793358e-01
8.4581337e-01
8.2861334e-01
8.5528345e-01
8.5243038e-01
8.3970772e-01
8.4027288e-01
8.2594996e-01
8.3007559e-01
8.4018896e-01
8.2439202e-01
8.1871884e-01
8.1985065e-01
8.3001196e-01
8.2750758e-01
8.2016892e-01
8.1930510e-01
8.1746107e-01
8.1695940e-01
8.1710196e-01
8.1215131e-01
8.0231908e-01
8.3982115e-01
8.3492145e-01
8.4212192e-01
8.4183634e-01
8.4437117e-01
8.5192114e-01
8.4965347e-01
8.4846353e-01
8.5292568e-01
8.3156560e-01
8.4179872e-01
8.3650166e-01
8.3950761e-01
8.1065263e-01
8.2935444e-01
8.3832940e-01
8.3323086e-01
8.3721206e-01
8.2744949e-01
8.4113734e-01
8.4880273e-01
8.6312239e-01
8.5733372e-01
8.5389437e-01
8.5970128e-01
8.7412778e-01
8.6864023e-01
8.7446575e-01
8.6071593e-01
8.7727011e-01
8.7539514e-01
8.7848678e-01
8.7714663e-01
8.9077298e-01
8.8121350e-01
8.8093993e-01
8.9149391e-01
8.9264363e-01
8.7214524e-01
8.8191189e-01
8.9415555e-01
8.8813391e-01
8.8390497e-01
8.7716001e-01
8.7033689e-01
8.8915731e-01
8.7866729e-01
8.7153097e-01
8.6602691e-01
8.6865417e-01
8.3416859e-01
8.2794881e-01
8.2421551e-01
8.2975886e-01
8.3750292e-01
8.2977334e-01
8.1096322e-01
8.1673584e-01
8.1799049e-01
8.2221800e-01
8.0062036e-01
8.1765390e-01
8.1538756e-01
8.1501517e-01
8.2370868e-01
8.1940255e-01
8.3056596e-01
8.3205076e-01
8.4178193e-01
8.3012101e-01
8.5945050e-01
8.4390225e-01
8.4177266e-01
8.4367769e-01
8.4793033e-01
8.5076302e-01
8.6113350e-01
8.5704835e-01
8.6149148e-01
8.5912288e-01
8.6101465e-01
8.7620654e-01
8.6645844e-01
8.7353751e-01
8.8971072e-01
8.8073902e-01
8.7326240e-01
8.8276242e-01
8.8459098e-01
8.8867405e-01
8.8026368e-01
8.8913179e-01
8.8659144e-01
8.8972015e-01
8.8140498e-01
8.7983889e-01
8.8468304e-01
8.9262878e-01
8.8617838e-01
8.8157525e-01
3.0972583e-01
3.1274172e-01
2.9848065e-01
3.1364050e-01
3.0519622e-01
3.1867460e-01
2.9670235e-01
2.8875021e-01
2.8533798e-01
3.0212626e-01
2.9776541e-01
2.9446286e-01
2.9200242e-01
2.8052717e-01
2.9442591e-01
2.8719088e-01
2.7851214e-01
2.8199350e-01
2.9376323e-01
2.9312625e-01
2.9124687e-01
2.9491661e-01
2.9135289e-01
3.0004252e-01
2.9679660e-01
9.3065658e-01
9.5032992e-01
9.3113300e-01
9.5123193e-01
9.5078341e-01
9.4768202e-01
9.5780397e-01
9.4070011e-01
9.3880523e-01
9.4598745e-01
9.2709856e-01
9.4972578e-01
9.2976785e-01
9.5009155e-01
9.2874725e-01
9.2890940e-01
9.4408624e-01
9.3434089e-01
9.3373224e-01
9.3852544e-01
9.2986046e-01
9.4777772e-01
9.4758815e-01
9.4007220e-01
9.3783996e-01
3.1603753e-01
3.1510424e-01
3.1608174e-01
3.1408271e-01
3.1303135e-01
3.0277059e-01
2.9971866e-01
3.0678760e-01
3.0141525e-01
2.8842342e-01
2.8652165e-01
2.8539899e-01
2.8503335e-01
2.8339973e-01
2.7526463e-01
2.6990037e-01
2.6462691e-01
2.7357885e-01
2.7437626e-01
2.6668786e-01
2.6583696e-01
2.8236125e-01
2.7096365e-01
2.7474821e-01
2.7185061e-01
2.7631759e-01
2.7597294e-01
2.8846335e-01
2.8368187e-01
2.7888414e-01
2.8222662e-01
2.7296666e-01
2.8546402e-01
2.9004663e-01
2.7992103e-01
2.8400630e-01
2.8792298e-01
2.9136636e-01
2.8421538e-01
2.8557350e-01
2.8431937e-01
2.9134274e-01
2.9127622e-01
2.8588078e-01
2.9229394e-01
2.9516212e-01
2.8970400e-01
3.0533206e-01
3.0529401e-01
3.0295100e-01
9.0850465e-01
8.9747962e-01
8.9624496e-01
9.0338212e-01
8.9321700e-01
8.9926513e-01
9.0575206e-01
9.0890316e-01
9.0682642e-01
9.0388224e-01
9.0866696e-01
9.0802227e-01
9.0522117e-01
9.0152882e-01
8.9050939e-01
9.0799869e-01
9.1133395e-01
9.0260232e-01
9.0446502e-01
8.8851394e-01
8.8869300e-01
8.9386506e-01
8.9614960e-01
9.1025339e-01
8.9885156e-01
9.0839636e-01
9.0893209e-01
9.2259839e-01
9.0458779e-01
9.2171891e-01
9.1835479e-01
9.2876006e-01
9.0945488e-01
9.0791836e-01
9.1163778e-01
9.1908490e-01
9.1589022e-01
9.1564608e-01
9.1524391e-01
9.1014600e-01
9.1492763e-01
9.2464912e-01
9.1453192e-01
9.2255171e-01
9.0394329e-01
9.2772017e-01
9.1945751e-01
9.0680544e-01
9.2312291e-01
9.2275453e-01
8.9133781e-01
8.8864990e-01
8.8579754e-01
8.8473965e-01
8.9659979e-01
8.8918080e-01
8.9904863e-01
8.9586499e-01
8.9997815e-01
8.9496617e-01
8.9619628e-01
9.0099705e-01
8.9928955e-01
8.9329365e-01
9.1361628e-01
9.1732290e-01
9.0920721e-01
9.0289925e-01
9.0870452e-01
9.0703586e-01
9.1701038e-01
9.1393108e-01
9.0263811e-01
9.1410220e-01
9.1461857e-01
8.7594974e-01
8.9569150e-01
8.8789387e-01
8.8454110e-01
8.8038804e-01
8.8107899e-01
8.8655786e-01
8.8651134e-01
8.8512576e-01
8.8747742e-01
8.9484834e-01
8.8239328e-01
8.6849149e-01
8.9774179e-01
8.9146896e-01
8.9298446e-01
8.9019798e-01
8.8538329e-01
8.8644779e-01
9.0203164e-01
8.9609397e-01
8.9896339e-01
8.9147617e-01
8.9646882e-01
9.0572811e-01
3.3405268e-01
3.3604616e-01
3.3815458e-01
3.3754106e-01
3.4814870e-01
3.3413640e-01
3.3442373e-01
3.4164293e-01
3.3853311e-01
3.4115265e-01
3.5342792e-01
3.4591104e-01
3.5269823e-01
3.4964065e-01
3.6002337e-01
3.6258508e-01
3.6354168e-01
3.6847931e-01
3.6490413e-01
3.7507466e-01
3.7258653e-01
3.7930737e-01
3.8474585e-01
3.8782833e-01
3.7944847e-01
9.4683992e-01
9.3172816e-01
9.3577154e-01
9.4073053e-01
9.3355493e-01
9.2218524e-01
9.3425475e-01
9.3831492e-01
9.4216037e-01
9.1506264e-01
9.2726096e-01
9.2543907e-01
9.2262391e-01
9.2882242e-01
9.2635563e-01
9.1110276e-01
9.1434864e-01
9.1661869e-01
9.3006855e-01
9.0974057e-01
9.1317144e-01
9.0797725e-01
9.2499507e-01
9.0987904e-01
9.1615655e-01
9.7828072e-01
9.5830400e-01
9.7292004e-01
9.7622033e-01
9.7856419e-01
9.7094112e-01
9.7026219e-01
9.8161246e-01
9.8911304e-01
9.6923463e-01
9.9009242e-01
9.7668406e-01
9.8517442e-01
9.8027141e-01
9.7544191e-01
9.7420635e-01
9.8362493e-01
9.9383206e-01
9.8083253e-01
1.0012766e+00
9.8359326e-01
9.9010879e-01
9.9715197e-01
9.8326500e-01
9.9234168e-01
9.3334476e-01
9.4142377e-01
9.4904286e-01
9.3801343e-01
9.5071086e-01
9.4968663e-01
9.4927057e-01
9.5254341e-01
9.5745961e-01
9.5051378e-01
9.4143844e-01
9.4450398e-01
9.6224837e-01
9.5691426e-01
9.3956488e-01
9.4596018e-01
9.4351056e-01
9.3853215e-01
9.3389688e-01
9.3434182e-01
9.3908566e-01
9.4291464e-01
9.3249641e-01
9.2650085e-01
9.3119190e-01
9.3653540e-01
9.2943202e-01
9.2263809e-01
9.3107141e-01
9.3013094e-01
9.3089936e-01
9.2688447e-01
9.4774872e-01
9.2940062e-01
9.1649932e-01
9.3918872e-01
9.3119067e-01
9.4524237e-01
9.3827264e-01
9.4594617e-01
9.2158524e-01
9.2370629e-01
9.3882765e-01
9.2620579e-01
9.3491348e-01
9.3394575e-01
9.3142233e-01
9.4582256e-01
9.4654544e-01
9.4103737e-01
9.2599155e-01
9.3044931e-01
9.4398686e-01
9.4771107e-01
9.4534570e-01
9.3883092e-01
9.4398449e-01
9.4266583e-01
9.4119209e-01
9.3839304e-01
9.4401900e-01
9.5591651e-01
9.4048237e-01
9.3704078e-01
9.3317483e-01
9.3747544e-01
9.4659097e-01
9.4442871e-01
9.3455044e-01
9.3153563e-01
9.4486757e-01
9.3678683e-01
9.4464508e-01
9.4082503e-01
9.3791959e-01
9.6755183e-01
9.6720985e-01
9.7899267e-01
9.9009728e-01
9.7226690e-01
9.7674133e-01
9.8375762e-01
9.7369138e-01
9.8242213e-01
9.6305560e-01
9.8139445e-01
9.6894078e-01
9.6691356e-01
9.7241092e-01
9.7605897e-01
9.7363880e-01
9.7746795e-01
9.7214402e-01
9.8378260e-01
9.7326677e-01
9.6450883e-01
9.7189577e-01
9.8109383e-01
9.6815082e-01
9.5541292e-01
9.4748406e-01
9.4304170e-01
9.4636563e-01
9.5325160e-01
9.5426480e-01
9.5495689e-01
9.4846762e-01
9.3811365e-01
9.4594414e-01
9.4985323e-01
9.4357399e-01
9.4793638e-01
9.5185624e-01
9.4324222e-01
9.4083927e-01
9.4670446e-01
9.5554120e-01
9.5687679e-01
9.5005978e-01
9.5751103e-01
9.5103938e-01
9.5439542e-01
9.5524435e-01
9.6092821e-01
9.6231090e-01
3.8179071e-01
3.7457197e-01
3.7936245e-01
3.7091974e-01
3.7095875e-01
3.6690142e-01
3.6002518e-01
3.5725937e-01
3.6240466e-01
3.6134756e-01
3.4981864e-01
3.4909919e-01
3.4579451e-01
3.6205447e-01
3.6278439e-01
3.4994503e-01
3.5290595e-01
3.4858717e-01
3.4772694e-01
3.5317464e-01
3.4589371e-01
3.4514768e-01
3.3934665e-01
3.4876395e-01
3.4872649e-01
3.4271970e-01
3.4420972e-01
3.3665150e-01
3.3775618e-01
3.4145391e-01
3.3954017e-01
3.3245615e-01
3.3145847e-01
3.3927160e-01
3.3404038e-01
3.3456939e-01
3.3599817e-01
3.3120645e-01
3.3714023e-01
3.3097894e-01
3.3319825e-01
3.3450061e-01
3.3839270e-01
3.3638222e-01
3.4142975e-01
3.4739861e-01
3.4571648e-01
3.4882191e-01
3.5025335e-01
3.4894193e-01
9.1204902e-01
9.1551543e-01
9.1536156e-01
9.1357925e-01
9.2880772e-01
9.2347769e-01
9.0524255e-01
8.9971249e-01
9.1635012e-01
8.9532776e-01
9.0871766e-01
8.8976251e-01
9.0207491e-01
9.1279011e-01
8.9995154e-01
8.8926857e-01
8.8552123e-01
8.7924017e-01
8.7623764e-01
8.8311732e-01
8.7588438e-01
8.7491427e-01
8.7641724e-01
8.8784766e-01
8.8168096e-01
3.1097918e-01
3.0907942e-01
3.0515726e-01
3.1120430e-01
3.0910363e-01
3.1477803e-01
3.0666747e-01
3.0322510e-01
3.0799010e-01
2.9764004e-01
2.9308607e-01
2.9898615e-01
2.8916263e-01
2.9079001e-01
2.8367259e-01
2.8992135e-01
2.8731496e-01
2.8251028e-01
2.8237364e-01
2.8291927e-01
2.6817097e-01
2.8246666e-01
2.8608077e-01
2.8201868e-01
2.7749986e-01
2.7673805e-01
2.8363500e-01
2.8631591e-01
2.8605207e-01
2.9487420e-01
2.9455592e-01
2.8845153e-01
2.9193534e-01
2.9497573e-01
3.0834840e-01
2.9146487e-01
2.9258800e-01
2.9817045e-01
2.9933839e-01
2.8726328e-01
2.8471186e-01
3.0101062e-01
2.9379881e-01
2.8175283e-01
2.6710346e-01
2.6221717e-01
2.7019005e-01
2.5928642e-01
2.5482666e-01
2.4898437e-01
8.6045918e-01
8.6326438e-01
8.6504421e-01
8.6581083e-01
8.4563766e-01
8.4525989e-01
8.4194236e-01
8.4695936e-01
8.5101883e-01
8.5381941e-01
8.4749988e-01
8.4681697e-01
8.5055331e-01
8.4266149e-01
8.3984171e-01
8.4817794e-01
8.5722698e-01
8.4810749e-01
8.5444959e-01
8.4079224e-01
8.5359384e-01
8.4382160e-01
8.5499416e-01
8.5033043e-01
8.3275045e-01
2.2065869e-01
2.0779270e-01
2.1408614e-01
2.2439201e-01
2.1256059e-01
2.1098185e-01
2.1442350e-01
2.1118319e-01
2.1514101e-01
2.1302260e-01
2.1860508e-01
2.3180034e-01
2.1987833e-01
2.2303910e-01
2.2143217e-01
2.2953822e-01
2.3407393e-01
2.4631063e-01
2.4178357e-01
2.3610543e-01
2.3354043e-01
2.3936392e-01
2.2278646e-01
2.3361718e-01
2.2942053e-01
2.2498955e-01
2.2971553e-01
2.2253071e-01
2.0926173e-01
2.2877494e-01
2.1812215e-01
2.2686176e-01
2.2211098e-01
2.0445276e-01
2.1884917e-01
2.1707864e-01
2.1176261e-01
2.1597495e-01
2.1222675e-01
2.0627862e-01
1.9967072e-01
2.1022026e-01
1.9571157e-01
2.0375567e-01
2.0442228e-01
2.0573872e-01
1.9534560e-01
2.0275124e-01
1.9364623e-01
1.9874140e-01
8.1832300e-01
8.0992644e-01
8.0687299e-01
8.0653773e-01
7.9577215e-01
8.1055655e-01
8.0958151e-01
7.9547669e-01
8.0494974e-01
8.0150198e-01
8.0206218e-01
8.0604286e-01
8.0715192e-01
8.1641704e-01
8.1628940e-01
8.1546565e-01
8.1261177e-01
8.0726641e-01
8.2001691e-01
8.1757640e-01
8.1457434e-01
8.1528215e-01
8.0532276e-01
7.9437019e-01
8.1202090e-01
2.1585736e-01
2.1459799e-01
2.0666298e-01
2.1082289e-01
2.0119087e-01
1.9768598e-01
2.0394130e-01
2.0149087e-01
1.9564693e-01
1.9292449e-01
1.8216846e-01
1.9205620e-01
1.8413438e-01
1.8529093e-01
1.8580198e-01
1.6921948e-01
1.7153502e-01
1.6467895e-01
1.7150934e-01
1.7727644e-01
1.6407078e-01
1.6077926e-01
1.7116221e-01
1.5855016e-01
1.5645731e-01
1.5160424e-01
1.5392623e-01
1.4838103e-01
1.4236722e-01
1.4856701e-01
1.4947387e-01
1.4112912e-01
1.3843227e-01
1.4595456e-01
1.4188139e-01
1.3111472e-01
1.3505273e-01
1.3426796e-01
1.2297329e-01
1.4156704e-01
1.2270646e-01
1.2950844e-01
1.2432400e-01
1.2987914e-01
1.1335718e-01
1.2138099e-01
1.3594665e-01
1.3363977e-01
1.2422278e-01
1.2101721e-01
1.2160612e-01
1.3298856e-01
1.2760166e-01
1.2875519e-01
1.2648519e-01
1.1992733e-01
1.2200836e-01
1.3323596e-01
1.2652153e-01
1.1825683e-01
1.2739709e-01
1.1759804e-01
1.1072604e-01
1.1421832e-01
1.0732055e-01
1.1043706e-01
1.0300004e-01
9.7616160e-02
9.9321423e-02
8.9443396e-02
8.9814646e-02
1.1225144e-01
8.8763939e-02
8.6092417e-02
8.4150327e-02
7.1697813e-01
7.1880717e-01
7.2266852e-01
7.2019679e-01
7.0953537e-01
7.1707375e-01
7.1493763e-01
7.0706831e-01
7.1771266e-01
7.3537728e-01
7.1220278e-01
7.1586157e-01
7.2347433e-01
7.3099983e-01
7.3565867e-01
7.1740870e-01
7.3686467e-01
7.3376128e-01
7.3691517e-01
7.3067064e-01
7.3562287e-01
7.2574371e-01
7.2417668e-01
7.2688088e-01
7.3625753e-01
7.6716227e-01
7.5903065e-01
7.5834099e-01
7.5351226e-01
7.4964608e-01
7.5573471e-01
7.8158880e-01
7.6493340e-01
7.6464487e-01
7.7293958e-01
7.6120550e-01
7.7377769e-01
7.7615116e-01
7.7552545e-01
7.5621994e-01
7.8685113e-01
7.7094040e-01
7.7302931e-01
7.6876892e-01
7.6624298e-01
7.7373866e-01
7.6943216e-01
7.6721592e-01
7.7046481e-01
7.6052414e-01
1.1570022e-01
1.0881112e-01
1.0153015e-01
1.0638167e-01
1.1779845e-01
1.0577046e-01
1.0140974e-01
9.6692869e-02
1.0793231e-01
1.0091820e-01
1.0719610e-01
9.7075146e-02
9.5181032e-02
1.0589176e-01
1.0845381e-01
1.0529217e-01
1.0575925e-01
1.0473315e-01
1.0929773e-01
1.0272428e-01
1.0663207e-01
1.0293631e-01
1.1623636e-01
1.1028681e-01
1.1620963e-01
7.7067772e-01
7.7884782e-01
7.6736011e-01
7.6916584e-01
7.6805008e-01
7.6398410e-01
7.7176107e-01
7.8091933e-01
7.8008840e-01
7.7657606e-01
7.7926483e-01
7.7042548e-01
7.8712310e-01
7.8731111e-01
7.8950091e-01
7.9328823e-01
7.9039553e-01
7.8115777e-01
8.0029587e-01
7.9019052e-01
8.0234971e-01
8.0296791e-01
7.9767330e-01
8.0411679e-01
8.0638881e-01
7.5088651e-01
7.4829591e-01
7.4202646e-01
7.4894916e-01
7.2714174e-01
7.4789634e-01
7.3248974e-01
7.2945377e-01
7.4619897e-01
7.3148518e-01
7.4629406e-01
7.3204683e-01
7.3761229e-01
7.3259550e-01
7.5079370e-01
7.3681379e-01
7.3055421e-01
7.3311488e-01
7.3144827e-01
7.3665873e-01
7.2147235e-01
7.3152495e-01
7.4116290e-01
7.3574103e-01
7.4482747e-01
1.5248958e-01
1.5413185e-01
1.6686968e-01
1.6739539e-01
1.7177759e-01
1.7569131e-01
1.8037088e-01
1.8452180e-01
1.8052353e-01
1.7724126e-01
1.7241780e-01
1.7396840e-01
1.7827518e-01
1.7179617e-01
1.6906831e-01
1.7466499e-01
1.8010276e-01
1.8658850e-01
1.8041257e-01
1.8795088e-01
1.8627494e-01
1.9638614e-01
1.9376495e-01
1.9348680e-01
1.9754064e-01
8.0167091e-01
8.0056150e-01
7.9041364e-01
8.0635031e-01
8.0545854e-01
8.0324993e-01
8.1541414e-01
8.1918169e-01
8.1121106e-01
8.3152374e-01
8.2945778e-01
8.2264591e-01
8.1976339e-01
8.1198224e-01
8.1535106e-01
8.1339269e-01
8.1148260e-01
8.0701852e-01
8.0105302e-01
8.0401426e-01
8.1636834e-01
8.1899721e-01
8.2159861e-01
8.3188914e-01
8.1680305e-01
2.2490568e-01
2.1451779e-01
2.2579700e-01
2.2660926e-01
2.2824646e-01
2.3322535e-01
2.2708081e-01
2.1784272e-01
2.2509260e-01
2.3642870e-01
2.2870381e-01
2.2479172e-01
2.2923104e-01
2.3792043e-01
2.3310431e-01
2.3227254e-01
2.3263167e-01
2.3965992e-01
2.3173244e-01
2.3513579e-01
2.3217676e-01
2.3471087e-01
2.3315867e-01
2.4042033e-01
2.5020133e-01
2.4775625e-01
2.5018435e-01
2.5095623e-01
2.5982657e-01
2.6686540e-01
2.6537600e-01
2.6183841e-01
2.7029799e-01
2.8174792e-01
2.7831164e-01
2.6922226e-01
2.7450910e-01
2.9044033e-01
2.8409845e-01
2.8404842e-01
2.8605621e-01
2.7932096e-01
2.9061647e-01
2.9101273e-01
2.7800844e-01
2.8523457e-01
2.8865760e-01
2.7674150e-01
2.8189195e-01
2.7413462e-01
8.6130498e-01
8.3331597e-01
8.5201205e-01
8.5480135e-01
8.5169024e-01
8.6496733e-01
8.4647758e-01
8.4336664e-01
8.5391862e-01
8.5677488e-01
8.3284532e-01
8.2332573e-01
8.3731039e-01
8.5638645e-01
8.4303271e-01
8.2346259e-01
8.3668376e-01
8.4018795e-01
8.5052565e-01
8.3639305e-01
8.3760883e-01
8.3450751e-01
8.5433124e-01
8.3617370e-01
8.4139768e-01
2.6390194e-01
2.6832269e-01
2.6595437e-01
2.6168905e-01
2.5951274e-01
2.6638839e-01
2.6319172e-01
2.5960489e-01
2.6055753e-01
2.5980558e-01
2.7077858e-01
2.7639142e-01
2.6510336e-01
2.7702168e-01
2.7698684e-01
2.8391449e-01
2.7900896e-01
2.7944957e-01
2.7107999e-01
2.7322466e-01
2.8828264e-01
2.8520550e-01
2.7962506e-01
2.7902749e-01
2.8437467e-01
8.3552229e-01
8.3661877e-01
8.1198302e-01
8.1595017e-01
8.1436482e-01
8.1109403e-01
8.1301950e-01
8.0795871e-01
8.1086012e-01
7.9791696e-01
8.0109013e-01
7.9538444e-01
7.9500416e-01
7.8486717e-01
7.9841732e-01
7.7859979e-01
7.8231557e-01
7.9455166e-01
7.9174933e-01
7.8434600e-01
7.8723464e-01
7.8865363e-01
8.0505324e-01
7.9515102e-01
7.8338327e-01
8.2407648e-01
8.3010455e-01
8.2677415e-01
8.3622917e-01
8.3015334e-01
8.4545906e-01
8.3246493e-01
8.3434581e-01
8.4269461e-01
8.4434715e-01
8.5040874e-01
8.4026453e-01
8.3559571e-01
8.4095028e-01
8.4486514e-01
8.3470242e-01
8.3277120e-01
8.3676879e-01
8.3615136e-01
8.3490043e-01
8.4083010e-01
8.4197151e-01
8.3927125e-01
8.4326888e-01
8.4482924e-01
8.3612417e-01
8.2166767e-01
8.2169575e-01
8.2332663e-01
8.2801692e-01
8.4567767e-01
8.3773284e-01
8.2835981e-01
8.2679155e-01
8.3935836e-01
8.1590815e-01
8.4035772e-01
8.2771314e-01
8.2699921e-01
8.4228235e-01
8.3676386e-01
8.2037139e-01
8.1484559e-01
8.2895654e-01
8.2471360e-01
8.3140808e-01
8.2847537e-01
